###  1237667324334637347 0.186 30.0 99.201591
# method  r_pixel  i1_cts i1_cts_err i2_cts i2_cts_err
I      3.00  2295.96  10.32  5068.83  57.19
I      5.00  1461.81   5.94  2900.43  31.08
I      7.00   992.82  10.85  1792.48  22.11
M      9.00   704.42  33.33  1186.66  57.20
M     11.00   518.30  20.04   840.85  31.35
M     13.00   416.74  12.42   604.93  23.23
M     15.00   331.94   5.78   471.55  20.40
M     17.00   294.47   4.46   372.73   8.91
M     19.00   261.49   2.40   317.61   8.79
M     21.00   240.35   3.00   271.86   6.74
M     23.00   220.33   2.07   247.31   3.95
M     25.00   206.74   2.33   228.54   3.44
M     27.00   200.61   1.78   209.58   1.62
M     29.00   186.05   2.82   203.60   3.21
M     31.00   178.35   1.45   187.54   1.46
M     33.00   170.43   2.12   181.17   1.62
M     35.00   166.65   1.88   176.59   1.49
M     37.00   162.95   1.56   169.20   1.18
M     39.00   157.28   1.45   167.16   1.14
M     41.00   156.98   1.42   165.19   1.22
M     43.05   152.80   1.15   161.46   1.36
M     45.20   148.04   1.45   158.34   1.11
M     47.46   146.04   1.17   152.64   0.92
M     49.84   137.73   1.29   146.68   1.17
M     52.33   133.70   1.01   141.74   0.94
M     54.94   128.82   0.96   133.81   1.02
M     57.69   124.43   0.98   131.81   1.16
M     60.58   120.35   0.88   123.97   1.00
M     63.60   115.66   0.78   119.95   0.71
M     66.78   114.41   0.87   117.02   0.69
M     70.12   112.34   0.89   113.17   0.55
M     73.63   112.55   1.30   110.92   0.54
M     77.31   109.74   1.47   107.68   0.44
M     81.18   107.22   1.48   106.54   0.48
M     85.24   105.39   0.55   106.07   0.43
M     89.50   104.55   0.43   105.63   0.40
M     93.97   103.93   0.44   104.80   0.30
M     98.67   103.39   0.42   103.29   0.26
M    103.60   102.59   0.52   102.68   0.27
M    108.79   101.57   0.48   101.34   0.35
M    114.22   101.32   0.52   101.08   0.29
M    119.94   100.23   0.41   100.81   0.28
M    125.93    99.46   0.42   100.65   0.23
M    132.23    98.42   0.40   100.46   0.04
M    138.84    99.60   0.41   100.27   0.04
M    145.78    98.93   0.38   100.09   0.13
M    153.07    99.12   0.35    99.90   0.15
M    160.73    98.24   0.33    99.43   0.30
M    168.76    99.33   0.32    99.55   0.30
M    177.20    99.86   0.30    99.56   0.31
M    186.06    99.45   0.30    99.64   0.27
M    195.36    98.54   0.26   100.45   0.25
M    205.13    99.63   0.28   100.45   0.15
M    215.39    99.04   0.25   100.26   0.18
M    226.16    98.99   0.24    99.94   0.17
M    237.46    99.05   0.22    99.66   0.12
M    249.34    98.83   0.21    99.43   0.01
M    261.80    99.46   0.21    99.29   0.00
