###  1237667443511787541 0.186 30.0 99.720573
# method  r_pixel  i1_cts i1_cts_err i2_cts i2_cts_err
I      3.00  6495.07 125.68  7807.83 179.62
I      5.00  3637.59  59.45  4491.11 121.33
I      7.00  2264.79  40.59  2730.73  54.48
I      9.00  1550.77  18.76  1805.06  34.94
M     11.00  1112.52  40.75  1301.04  49.71
M     13.00   839.22  23.35   938.61  29.99
M     15.00   668.68  16.14   722.77  16.07
M     17.00   556.29   9.31   595.31  11.39
M     19.00   498.24   4.77   511.55   9.75
M     21.00   451.03   4.30   467.13   8.16
M     23.00   411.04   2.59   425.11   6.42
M     25.00   375.54   3.12   389.66   7.19
M     27.00   343.66   4.28   366.73   8.38
M     29.00   310.06   2.97   323.68   5.82
M     31.00   273.38   2.82   290.34   5.03
M     33.00   246.18   2.14   257.59   3.18
M     35.00   231.89   0.79   239.82   2.29
M     37.00   218.23   1.38   222.00   1.66
M     39.00   206.21   1.60   212.79   1.48
M     41.00   197.02   1.18   203.79   1.51
M     43.05   190.82   1.10   193.39   1.13
M     45.20   183.73   0.98   186.35   0.89
M     47.46   177.62   1.06   179.92   0.77
M     49.84   172.07   0.71   174.56   0.90
M     52.33   167.10   0.77   169.06   0.79
M     54.94   160.40   0.84   163.37   0.63
M     57.69   156.48   0.85   157.89   0.66
M     60.58   149.43   0.58   152.07   0.73
M     63.60   144.13   0.61   146.42   0.53
M     66.78   138.10   0.51   141.64   0.51
M     70.12   133.74   0.56   137.14   0.50
M     73.63   130.26   0.48   132.87   0.41
M     77.31   126.92   0.54   128.08   0.48
M     81.18   124.19   0.47   125.41   0.46
M     85.24   120.45   0.38   121.68   0.35
M     89.50   117.31   0.39   120.68   0.54
M     93.97   114.32   0.39   117.21   0.54
M     98.67   111.95   0.35   113.87   0.42
M    103.60   109.67   0.24   110.95   0.25
M    108.79   107.84   0.24   108.82   0.10
M    114.22   106.15   0.25   107.14   0.06
M    119.94   104.92   0.23   105.59   0.25
M    125.93   104.17   0.25   102.93   0.25
M    132.23   103.20   0.21   102.64   0.25
M    138.84   101.92   0.16   101.41   0.22
M    145.78   101.43   0.12   101.39   0.22
M    153.07   101.07   0.11   101.08   0.23
M    160.73   100.78   0.08   100.84   0.21
M    168.76   100.57   0.06   100.57   0.17
M    177.20   100.43   0.14   100.39   0.16
M    186.06   100.24   0.17   100.20   0.16
M    195.36   100.28   0.16    99.96   0.16
M    205.13    99.80   0.14    99.72   0.16
M    215.39    99.76   0.12    99.89   0.17
M    226.16   100.18   0.15    99.49   0.15
M    237.46    99.80   0.14    99.73   0.12
M    249.34    99.72   0.11    99.72   0.07
M    261.80    99.69   0.08    99.69   0.05
