###  1237667324334506263 0.1859 30.0 99.864243
# method  r_pixel  i1_cts i1_cts_err i2_cts i2_cts_err
I      3.00   339.77   3.51   389.25   2.89
I      5.00   271.35   0.89   300.97   3.46
I      7.00   207.51   1.69   226.68   2.16
I      9.00   187.82   3.72   198.73   1.21
M     11.00   175.03   2.63   181.24   2.59
M     13.00   162.79   2.37   172.69   1.65
M     15.00   152.57   3.07   161.21   1.72
M     17.00   153.37   1.84   154.34   1.70
M     19.00   150.01   2.87   148.08   1.70
M     21.00   143.62   2.68   142.51   1.80
M     23.00   137.69   2.29   135.82   2.11
M     25.00   130.91   1.96   138.10   1.74
M     27.00   129.51   1.60   133.39   1.69
M     29.00   125.86   1.46   126.93   1.32
M     31.00   125.36   1.89   123.97   1.53
M     33.00   121.74   1.46   123.56   1.57
M     35.00   115.23   1.24   118.41   1.72
M     37.00   115.09   1.28   116.48   1.37
M     39.00   110.27   1.54   111.62   1.37
M     41.00   109.87   1.28   109.67   1.44
M     43.05   108.09   1.29   108.81   1.56
M     45.20   106.16   0.92   108.36   1.03
M     47.46   106.57   0.90   105.26   1.48
M     49.84   106.65   0.74   104.69   0.89
M     52.33   105.26   1.14   104.79   1.00
M     54.94   103.39   0.82   104.88   0.81
M     57.69   104.54   1.26   104.00   1.12
M     60.58   103.09   1.11   102.69   1.03
M     63.60   101.52   1.06   102.43   0.74
M     66.78   101.45   0.90   101.06   0.71
M     70.12   102.21   0.98    99.94   0.74
M     73.63   100.04   0.81   100.45   0.91
M     77.31   101.07   0.77   100.13   0.58
M     81.18   100.41   0.74   101.39   0.66
M     85.24   100.38   0.67    99.18   0.61
M     89.50    99.59   0.70   100.45   0.59
M     93.97   100.01   0.69    99.62   0.61
M     98.67    99.46   0.67    99.95   0.47
M    103.60    99.80   0.61   100.17   0.53
M    108.79    99.34   0.55    99.90   0.48
M    114.22   100.58   0.58    99.52   0.46
M    119.94    99.68   0.45   100.29   0.45
M    125.93    99.69   0.42   100.14   0.38
M    132.23   100.59   0.41   100.51   0.40
M    138.84   100.08   0.40    99.18   0.39
M    145.78   100.05   0.36    99.63   0.41
M    153.07    99.33   0.35    99.26   0.33
M    160.73    99.91   0.31    99.53   0.32
M    168.76    99.92   0.33    99.63   0.35
M    177.20    99.64   0.32    99.66   0.31
M    186.06   100.13   0.29    99.74   0.34
M    195.36    99.57   0.31    99.57   0.34
M    205.13   100.25   0.28   100.08   0.32
M    215.39   100.33   0.27    99.74   0.30
M    226.16    99.91   0.24    99.26   0.27
M    237.46   100.06   0.23    99.37   0.26
M    249.34   100.23   0.22    99.64   0.22
M    261.80    99.90   0.20    99.84   0.19
