###  1237667324334964812 0.186 30.0 99.902817
# method  r_pixel  i1_cts i1_cts_err i2_cts i2_cts_err
I      3.00  5359.66  17.28 10694.27 119.44
I      5.00  2849.10  11.82  4926.44  55.52
I      7.00  1834.72   6.68  2714.69  28.68
M      9.00  1300.27  53.80  1705.41  82.09
M     11.00   987.54  37.33  1238.08  38.49
M     13.00   771.89  18.30   960.18  26.63
M     15.00   600.76  11.90   722.25  19.40
M     17.00   497.51  10.66   571.84  11.11
M     19.00   419.17   7.69   477.20   7.66
M     21.00   363.79   3.43   413.76   4.99
M     23.00   328.27   2.89   363.05   3.32
M     25.00   303.83   3.40   326.46   3.57
M     27.00   272.93   2.69   297.75   2.13
M     29.00   261.21   2.29   274.16   1.91
M     31.00   244.10   1.57   256.04   2.39
M     33.00   230.15   1.16   243.73   1.51
M     35.00   221.43   1.47   231.93   1.78
M     37.00   208.27   1.20   217.16   1.05
M     39.00   199.82   1.23   207.86   1.82
M     41.00   191.84   1.63   200.64   1.02
M     43.05   187.04   1.16   188.26   1.00
M     45.20   175.34   1.44   182.02   1.31
M     47.46   169.03   1.16   173.95   1.03
M     49.84   160.54   1.17   166.99   0.96
M     52.33   156.71   1.14   160.35   0.85
M     54.94   149.57   0.92   153.14   0.61
M     57.69   145.29   0.97   148.54   0.90
M     60.58   140.90   1.11   144.20   0.68
M     63.60   138.27   1.06   138.48   0.69
M     66.78   135.72   0.95   134.77   0.68
M     70.12   133.91   2.80   130.56   0.70
M     73.63   131.45   2.71   127.40   0.63
M     77.31   123.89   0.91   124.25   0.62
M     81.18   120.14   0.74   120.73   0.50
M     85.24   117.43   0.42   118.76   0.45
M     89.50   115.53   0.16   117.30   0.07
M     93.97   113.68   0.17   115.43   0.07
M     98.67   111.74   0.34   113.51   0.18
M    103.60   109.81   0.34   111.56   0.30
M    108.79   108.12   0.32   109.74   0.42
M    114.22   106.96   0.21   107.58   0.35
M    119.94   106.05   0.15   106.41   0.38
M    125.93   105.27   0.13   106.40   0.34
M    132.23   104.53   0.06   104.76   0.34
M    138.84   103.80   0.05   103.92   0.30
M    145.78   103.27   0.01   103.58   0.32
M    153.07   102.87   0.01   103.06   0.28
M    160.73   102.47   0.10   102.65   0.20
M    168.76   101.96   0.13   102.30   0.26
M    177.20   101.68   0.16   101.78   0.27
M    186.06   101.42   0.16   101.44   0.24
M    195.36   101.18   0.16   101.86   0.23
M    205.13   100.99   0.16   101.46   0.22
M    215.39   100.76   0.16   101.13   0.21
M    226.16   100.51   0.18   100.68   0.19
M    237.46   100.39   0.21   100.91   0.18
M    249.34   100.69   0.19   100.42   0.18
M    261.80   100.26   0.18   100.38   0.16
