###  1237667323797766302 0.186 30.0 99.762535
# method  r_pixel  i1_cts i1_cts_err i2_cts i2_cts_err
I      3.00  1060.69  17.71  1375.50  15.69
I      5.00   740.65   8.99   904.22  10.48
I      7.00   559.45   3.08   670.98   6.06
I      9.00   434.86   6.44   524.25   0.91
M     11.00   373.62  11.10   426.58   6.71
M     13.00   324.70   5.86   356.11   6.06
M     15.00   292.32   5.37   305.05   4.97
M     17.00   263.40   2.40   276.25   2.24
M     19.00   245.13   2.58   254.21   1.82
M     21.00   228.31   2.45   233.61   2.42
M     23.00   213.75   3.01   216.14   1.62
M     25.00   196.48   1.98   201.20   2.20
M     27.00   188.80   1.07   192.39   1.53
M     29.00   183.73   1.70   185.36   1.42
M     31.00   173.95   1.54   178.62   1.41
M     33.00   165.32   1.64   166.53   1.36
M     35.00   159.30   1.45   162.41   1.42
M     37.00   149.85   1.51   155.56   1.40
M     39.00   144.66   1.21   147.87   0.99
M     41.00   139.10   1.24   140.79   1.25
M     43.05   131.85   1.07   136.26   1.17
M     45.20   128.81   1.40   128.60   1.27
M     47.46   126.07   1.15   126.26   0.97
M     49.84   123.94   1.02   122.97   0.97
M     52.33   119.67   0.93   117.66   1.05
M     54.94   117.65   0.90   117.43   0.77
M     57.69   113.55   0.83   113.74   0.93
M     60.58   110.93   0.95   112.52   0.60
M     63.60   107.61   0.83   108.94   0.87
M     66.78   105.65   0.66   103.69   0.66
M     70.12   104.53   0.68   104.60   0.73
M     73.63   103.84   0.62   103.93   0.74
M     77.31   102.73   0.53   102.46   0.64
M     81.18   101.94   0.68   101.48   0.69
M     85.24    99.99   0.63   101.04   0.54
M     89.50   101.76   0.54    99.99   0.56
M     93.97   100.73   0.54    99.70   0.52
M     98.67    99.88   0.53    99.78   0.55
M    103.60   100.19   0.49   100.39   0.51
M    108.79    99.66   0.44    99.76   0.46
M    114.22   100.57   0.44   100.16   0.46
M    119.94    99.51   0.43    99.71   0.42
M    125.93    99.35   0.38   100.09   0.41
M    132.23    99.67   0.37    99.19   0.37
M    138.84    99.67   0.37    99.48   0.38
M    145.78    99.77   0.35   100.16   0.35
M    153.07    99.68   0.33   100.24   0.31
M    160.73    99.60   0.30    99.58   0.30
M    168.76    99.63   0.28    99.71   0.29
M    177.20    99.66   0.28   100.20   0.28
M    186.06   100.06   0.27    99.78   0.26
M    195.36    99.93   0.26   100.02   0.26
M    205.13   100.18   0.25    99.74   0.21
M    215.39    99.47   0.24    99.74   0.18
M    226.16    99.80   0.23    99.79   0.17
M    237.46    99.75   0.22    99.82   0.20
M    249.34    99.78   0.20    99.76   0.19
M    261.80    99.72   0.20    99.75   0.11
