###  1237667444048724118 0.186 30.0 99.674072
# method  r_pixel  i1_cts i1_cts_err i2_cts i2_cts_err
I      3.00  3782.99  66.93  3937.83  77.35
I      5.00  2188.68  29.35  2240.35  47.78
I      7.00  1335.14  15.03  1367.87  27.39
I      9.00   900.21   5.05   882.16  14.99
M     11.00   636.91  24.48   649.21  19.21
M     13.00   466.06  13.07   471.49  12.64
M     15.00   375.52   9.20   373.40  12.99
M     17.00   312.01   7.42   301.52   6.52
M     19.00   272.89   3.60   263.44   6.40
M     21.00   247.73   4.94   247.59   3.44
M     23.00   233.07   2.15   237.56   1.50
M     25.00   225.22   1.61   222.39   2.58
M     27.00   222.24   1.87   215.73   2.38
M     29.00   219.81   2.11   214.36   2.32
M     31.00   211.19   2.13   205.12   2.53
M     33.00   206.37   2.14   206.14   2.09
M     35.00   199.79   1.77   196.31   2.14
M     37.00   189.44   1.60   188.92   2.02
M     39.00   183.64   1.46   183.08   1.78
M     41.00   178.11   1.76   174.14   2.12
M     43.05   169.20   1.54   173.27   1.60
M     45.20   164.53   1.44   160.58   1.34
M     47.46   156.58   1.35   156.88   1.30
M     49.84   148.43   1.47   149.80   1.46
M     52.33   146.96   1.04   143.93   1.23
M     54.94   143.44   1.97   138.01   1.27
M     57.69   136.09   1.84   131.70   1.28
M     60.58   128.21   1.25   128.41   1.00
M     63.60   122.07   0.99   123.27   1.20
M     66.78   118.92   0.97   118.30   0.97
M     70.12   116.07   0.98   114.42   0.78
M     73.63   112.46   0.87   111.65   0.59
M     77.31   108.67   0.77   108.22   0.63
M     81.18   107.31   0.67   106.19   0.62
M     85.24   105.10   0.68   103.74   0.61
M     89.50   102.98   0.68   102.00   0.59
M     93.97   102.17   0.63   101.48   0.70
M     98.67   103.07   0.69   100.39   0.58
M    103.60   102.24   0.56   100.43   0.62
M    108.79   100.82   0.47    99.88   0.59
M    114.22   100.61   0.59   100.68   0.55
M    119.94   100.71   0.52    99.35   0.51
M    125.93   100.06   0.55    99.31   0.44
M    132.23   100.59   0.48    99.85   0.45
M    138.84    99.79   0.31    99.33   0.44
M    145.78    99.56   0.06    98.13   0.40
M    153.07    99.42   0.00    98.90   0.41
M    160.73    99.48   0.05    99.33   0.40
M    168.76    99.55   0.19    99.17   0.36
M    177.20    99.59   0.37    99.32   0.35
M    186.06   100.12   0.34    99.74   0.32
M    195.36   100.04   0.35    99.93   0.31
M    205.13   100.34   0.31   100.16   0.30
M    215.39    99.75   0.29   101.48   0.29
M    226.16    99.08   0.28   102.27   0.30
M    237.46   100.02   0.28   103.44   0.27
M    249.34    99.97   0.26   101.06   0.21
M    261.80   100.02   0.25   100.19   0.16
