###  1237667324334637140 0.186 30.0 99.353714
# method  r_pixel  i1_cts i1_cts_err i2_cts i2_cts_err
I      3.00  3911.01  37.04  4400.51  63.69
I      5.00  2439.56  31.43  2758.18  43.21
I      7.00  1660.69  17.02  1832.75  27.33
I      9.00  1191.78   9.18  1295.57  13.67
M     11.00   917.02  26.16   964.57  33.43
M     13.00   745.98  20.83   728.04  19.94
M     15.00   577.73  17.37   588.81  12.66
M     17.00   466.31   6.03   481.80   6.71
M     19.00   399.05   5.26   414.22   6.06
M     21.00   361.21   2.85   361.95   5.62
M     23.00   331.05   4.92   320.84   3.44
M     25.00   299.83   3.57   299.78   3.13
M     27.00   278.74   1.90   281.57   3.30
M     29.00   260.43   2.55   260.97   3.86
M     31.00   251.48   2.66   251.42   3.18
M     33.00   236.95   2.75   242.39   4.34
M     35.00   227.52   2.28   228.52   3.37
M     37.00   214.50   2.73   218.11   2.98
M     39.00   200.45   2.56   208.58   2.40
M     41.00   190.17   2.07   197.58   2.59
M     43.05   181.26   2.11   187.97   1.66
M     45.20   167.41   1.49   178.63   1.29
M     47.46   158.09   1.28   166.13   1.47
M     49.84   150.50   1.41   156.89   1.15
M     52.33   146.90   1.42   149.29   1.55
M     54.94   137.83   0.84   142.21   1.22
M     57.69   133.29   1.08   136.76   0.99
M     60.58   131.18   1.03   132.97   0.97
M     63.60   129.07   1.26   128.39   0.86
M     66.78   122.81   0.88   125.41   0.91
M     70.12   118.68   0.90   121.60   0.70
M     73.63   116.15   0.72   119.04   0.73
M     77.31   114.48   0.67   115.17   0.60
M     81.18   112.04   0.70   113.82   0.50
M     85.24   110.78   0.64   111.92   0.50
M     89.50   108.36   0.61   110.62   0.45
M     93.97   105.88   0.56   108.65   0.48
M     98.67   105.10   0.47   106.08   0.46
M    103.60   104.02   0.44   104.63   0.52
M    108.79   103.37   0.36   103.26   0.34
M    114.22   102.87   0.36   102.92   0.06
M    119.94   101.62   0.37   102.39   0.03
M    125.93   101.00   0.36   101.81   0.02
M    132.23   100.50   0.40   101.29   0.02
M    138.84   100.62   0.35   100.83   0.01
M    145.78   100.51   0.14   100.60   0.00
M    153.07   100.33   0.13   100.47   0.01
M    160.73   100.00   0.13   100.15   0.01
M    168.76    99.75   0.10    99.82   0.01
M    177.20    99.67   0.09    99.71   0.00
M    186.06    99.58   0.12    99.63   0.00
M    195.36    99.43   0.11    99.49   0.00
M    205.13    99.35   0.15    99.35   0.00
M    215.39    99.35   0.15    99.35   0.00
M    226.16    99.30   0.20    99.34   0.08
M    237.46    99.22   0.21    99.26   0.18
M    249.34    99.18   0.22    99.16   0.21
M    261.80    99.23   0.20    99.26   0.19
