###  1237667443511656538 0.1859 30.0 99.9264447469
# method  r_pixel  i1_cts i1_cts_err i2_cts i2_cts_err
I      3.00   596.51   1.29   520.66   0.31
I      5.00   506.84   4.20   423.71   1.81
I      7.00   421.47   3.21   343.37   0.67
I      9.00   334.83   3.27   276.17   1.26
M     11.00   270.78   4.93   234.12   4.46
M     13.00   232.02   3.28   194.84   3.99
M     15.00   199.58   3.55   191.65   4.14
M     17.00   179.51   3.29   178.68   2.25
M     19.00   167.71   2.32   172.92   2.90
M     21.00   163.60   1.86   162.10   2.79
M     23.00   164.41   2.28   160.24   1.93
M     25.00   158.81   1.92   156.32   1.66
M     27.00   153.04   1.99   152.33   2.03
M     29.00   147.24   1.82   144.07   2.14
M     31.00   146.05   1.85   141.44   2.17
M     33.00   137.89   1.33   139.17   2.23
M     35.00   134.01   1.80   137.03   1.21
M     37.00   129.23   1.11   127.97   1.32
M     39.00   131.32   1.61   127.13   1.58
M     41.00   126.02   1.00   125.54   1.64
M     43.05   128.25   1.22   122.19   1.53
M     45.20   123.32   1.26   120.96   1.59
M     47.46   121.01   1.00   119.11   1.26
M     49.84   119.40   1.02   118.07   0.99
M     52.33   117.15   1.18   114.45   1.15
M     54.94   111.70   1.11   118.27   0.93
M     57.69   111.06   1.00   115.05   1.22
M     60.58   111.84   0.88   113.91   1.23
M     63.60   109.81   0.76   111.98   1.12
M     66.78   106.48   0.66   112.46   1.18
M     70.12   105.79   0.73   109.67   1.06
M     73.63   103.16   0.76   111.31   1.08
M     77.31   102.97   0.71   109.32   0.83
M     81.18   100.03   0.60   107.72   0.85
M     85.24   100.40   0.61   105.33   0.82
M     89.50   100.67   0.66   102.74   0.64
M     93.97   100.33   0.56   101.71   0.58
M     98.67    99.44   0.52   100.60   0.52
M    103.60   100.37   0.49   100.89   0.56
M    108.79   100.75   0.55    99.37   0.57
M    114.22   101.12   0.44   100.21   0.53
M    119.94   100.14   0.43   100.55   0.57
M    125.93    99.53   0.40   100.35   0.50
M    132.23   100.27   0.36    99.93   0.44
M    138.84   100.32   0.36    99.57   0.48
M    145.78   100.00   0.30    99.66   0.45
M    153.07    99.82   0.27   100.43   0.41
M    160.73    99.89   0.26    99.81   0.36
M    168.76    99.93   0.23   100.15   0.37
M    177.20    99.85   0.23    99.49   0.36
M    186.06    99.81   0.23   100.57   0.35
M    195.36    99.91   0.23    99.85   0.30
M    205.13    99.77   0.25    99.75   0.29
M    215.39   100.49   0.25    99.46   0.29
M    226.16    99.90   0.22    99.97   0.29
M    237.46    99.92   0.17    99.92   0.26
M    249.34    99.96   0.14    99.64   0.25
M    261.80    99.94   0.14    99.82   0.22
