###  1237667323260567649 0.1859 30.0 99.805072429
# method  r_pixel  i1_cts i1_cts_err i2_cts i2_cts_err
I      3.00   526.08   3.10   520.15   9.85
I      5.00   431.09   0.67   427.58   5.74
I      7.00   358.95   2.79   336.62   4.90
I      9.00   319.79   1.96   309.70   5.61
I     11.00   278.09   2.33   265.17   1.91
M     13.00   253.98   2.76   251.74   3.13
M     15.00   241.18   3.19   235.95   4.66
M     17.00   235.68   3.28   230.96   3.09
M     19.00   226.88   2.03   233.83   1.91
M     21.00   216.13   2.06   229.31   1.26
M     23.00   207.70   2.60   216.60   2.93
M     25.00   199.27   2.04   199.19   1.77
M     27.00   187.25   1.26   194.53   1.76
M     29.00   180.99   1.45   194.34   1.82
M     31.00   172.96   1.02   200.33   1.87
M     33.00   172.58   1.17   207.95   2.48
M     35.00   170.38   1.50   212.99   3.36
M     37.00   167.36   1.15   211.66   1.80
M     39.00   165.33   1.92   202.29   1.66
M     41.00   166.72   0.93   190.58   1.22
M     43.05   165.94   1.37   183.46   1.34
M     45.20   164.94   1.34   177.85   1.07
M     47.46   165.22   1.64   166.10   1.24
M     49.84   160.67   1.30   162.60   1.69
M     52.33   160.04   1.13   160.69   1.22
M     54.94   163.09   1.28   160.02   1.06
M     57.69   156.32   1.56   160.98   2.00
M     60.58   153.38   1.38   158.03   2.37
M     63.60   152.65   1.77   153.28   1.64
M     66.78   153.16   1.34   146.12   1.36
M     70.12   149.10   1.24   139.36   1.18
M     73.63   148.03   1.14   138.40   1.10
M     77.31   142.52   0.97   143.68   1.12
M     81.18   135.65   0.92   140.98   0.83
M     85.24   135.17   0.79   136.05   0.69
M     89.50   133.59   0.77   128.62   0.58
M     93.97   130.78   0.76   123.02   0.54
M     98.67   124.42   0.61   117.58   0.48
M    103.60   117.96   0.50   112.27   0.45
M    108.79   113.41   0.40   109.32   0.43
M    114.22   110.97   0.45   107.42   0.39
M    119.94   108.39   0.40   106.70   0.42
M    125.93   106.37   0.34   104.97   0.37
M    132.23   105.33   0.30   104.46   0.32
M    138.84   104.34   0.21   103.93   0.33
M    145.78   103.26   0.17   102.49   0.30
M    153.07   102.76   0.14   102.28   0.30
M    160.73   102.38   0.19   102.42   0.26
M    168.76   101.83   0.18   101.95   0.28
M    177.20   101.22   0.19   101.08   0.21
M    186.06   100.87   0.22   100.90   0.25
M    195.36   100.56   0.21   100.53   0.23
M    205.13   100.46   0.20   100.39   0.18
M    215.39   100.90   0.18   100.20   0.16
M    226.16   100.24   0.18   100.13   0.18
M    237.46   100.08   0.18   100.06   0.17
M    249.34    99.90   0.17   100.01   0.18
M    261.80    99.95   0.16    99.83   0.18
