###  1237667323260764326 0.1859 30.0 99.692635
# method  r_pixel  i1_cts i1_cts_err i2_cts i2_cts_err
I      3.00  2485.99  44.15  1973.62  39.30
I      5.00  1427.69  26.36  1124.48  22.91
I      7.00   880.25   9.65   771.04  14.24
I      9.00   665.73   3.40   616.20   7.36
M     11.00   538.45  12.58   504.85   8.51
M     13.00   465.50   7.64   434.00   7.40
M     15.00   404.64   6.74   384.93   8.52
M     17.00   370.77   3.87   351.81   5.89
M     19.00   337.97   4.15   318.03   4.83
M     21.00   313.40   3.69   301.94   5.82
M     23.00   295.07   4.81   288.72   5.36
M     25.00   287.14   6.13   276.18   6.14
M     27.00   289.40   6.37   270.12   7.06
M     29.00   274.82   8.86   257.05   6.23
M     31.00   282.09   9.27   253.53   8.31
M     33.00   274.19  10.04   257.10   7.88
M     35.00   273.58   9.78   260.88   8.57
M     37.00   273.26   9.22   252.24   7.90
M     39.00   257.75   7.47   246.08   7.26
M     41.00   247.97   6.32   233.62   5.83
M     43.05   236.67   4.40   223.49   4.62
M     45.20   218.33   3.29   212.39   4.19
M     47.46   201.85   2.62   196.28   2.91
M     49.84   189.38   1.85   183.38   2.10
M     52.33   175.59   1.42   175.25   1.69
M     54.94   164.99   0.83   166.11   1.19
M     57.69   155.79   0.96   159.25   1.14
M     60.58   149.54   0.70   152.40   0.70
M     63.60   143.26   0.80   146.91   0.79
M     66.78   139.18   0.74   139.58   0.57
M     70.12   133.03   0.57   134.72   0.56
M     73.63   128.52   0.53   129.38   0.44
M     77.31   125.35   0.48   125.61   0.51
M     81.18   121.62   0.53   121.47   0.43
M     85.24   119.62   0.42   119.81   0.44
M     89.50   116.31   0.41   116.64   0.41
M     93.97   113.43   0.41   114.02   0.38
M     98.67   111.94   0.35   112.04   0.37
M    103.60   110.31   0.33   109.71   0.32
M    108.79   108.25   0.25   107.50   0.27
M    114.22   107.01   0.08   106.16   0.27
M    119.94   105.53   0.05   105.01   0.23
M    125.93   104.14   0.04   103.71   0.21
M    132.23   103.13   0.09   102.74   0.18
M    138.84   102.56   0.24   102.01   0.15
M    145.78   101.92   0.24   101.43   0.16
M    153.07   101.28   0.19   101.04   0.20
M    160.73   100.89   0.17   100.84   0.20
M    168.76   100.57   0.15   100.43   0.16
M    177.20   100.32   0.11   100.22   0.14
M    186.06   100.16   0.10   100.07   0.14
M    195.36    99.89   0.11    99.66   0.16
M    205.13    99.60   0.10    99.61   0.15
M    215.39    99.64   0.05    99.68   0.12
M    226.16    99.73   0.04    99.73   0.11
M    237.46    99.73   0.10    99.73   0.12
M    249.34    99.73   0.12   100.16   0.13
M    261.80    99.72   0.11    99.69   0.12
