###  1237667444585595093 0.186 30.0 99.621277
# method  r_pixel  i1_cts i1_cts_err i2_cts i2_cts_err
I      3.00  6338.36  69.57  8263.72 120.39
I      5.00  4153.42  47.35  5271.97  80.37
I      7.00  2842.05  36.96  3621.70  36.37
I      9.00  2032.16  31.95  2530.93  30.06
I     11.00  1507.36  22.55  1839.93  25.81
M     13.00  1207.57  31.08  1371.85  43.74
M     15.00   929.25  35.77  1047.35  28.08
M     17.00   760.47  14.19   860.29  15.46
M     19.00   636.41  10.47   710.25   9.74
M     21.00   570.04   9.17   622.38   7.31
M     23.00   517.81   6.79   563.12   6.46
M     25.00   475.56   3.92   505.80   4.43
M     27.00   448.80   3.49   476.64   3.20
M     29.00   427.62   4.63   444.12   2.99
M     31.00   405.42   2.59   421.84   2.53
M     33.00   387.80   3.02   400.87   2.11
M     35.00   373.94   2.75   391.23   2.98
M     37.00   364.65   2.04   372.45   2.24
M     39.00   348.54   2.56   362.28   1.52
M     41.00   339.97   2.09   350.91   1.84
M     43.05   329.85   1.87   339.31   1.35
M     45.20   318.62   1.83   332.20   1.79
M     47.46   307.52   1.95   321.81   1.57
M     49.84   294.24   1.59   307.69   1.52
M     52.33   280.64   1.65   292.97   1.23
M     54.94   266.51   1.50   278.09   1.24
M     57.69   251.61   1.07   261.19   1.29
M     60.58   235.86   0.97   250.32   1.40
M     63.60   222.88   1.04   231.34   1.30
M     66.78   209.26   1.11   217.72   1.15
M     70.12   199.32   0.86   205.22   1.00
M     73.63   189.64   0.79   193.65   0.99
M     77.31   180.56   0.72   182.93   0.91
M     81.18   172.70   0.74   173.16   0.88
M     85.24   165.14   0.66   163.98   0.82
M     89.50   158.42   0.67   155.92   0.72
M     93.97   148.32   0.63   149.17   0.66
M     98.67   142.31   0.48   141.83   0.57
M    103.60   135.70   0.52   134.00   0.48
M    108.79   128.51   0.52   129.61   0.51
M    114.22   123.72   0.50   122.72   0.50
M    119.94   119.55   0.48   118.63   0.43
M    125.93   115.64   0.40   114.27   0.38
M    132.23   113.37   0.28   112.26   0.26
M    138.84   110.86   0.18   110.24   0.25
M    145.78   108.73   0.22   108.61   0.29
M    153.07   107.08   0.27   106.95   0.32
M    160.73   105.54   0.31   105.47   0.32
M    168.76   102.77   0.31   103.67   0.31
M    177.20   102.36   0.29   102.64   0.28
M    186.06   102.30   0.23   101.20   0.27
M    195.36   101.59   0.19   101.49   0.22
M    205.13   101.15   0.18   101.10   0.19
M    215.39   100.75   0.19   100.78   0.20
M    226.16   100.36   0.17   100.42   0.20
M    237.46   100.04   0.18    99.97   0.19
M    249.34    99.78   0.20    99.91   0.17
M    261.80    99.60   0.19    99.66   0.20
