###  1237667443511525379 0.1861 30.0 99.870659
# method  r_pixel  i1_cts i1_cts_err i2_cts i2_cts_err
I      3.00  4799.74  50.19  5386.86  93.32
I      5.00  2773.32  16.41  3016.54  55.84
I      7.00  1672.28  13.78  1842.81  36.06
I      9.00  1122.45   8.76  1189.53  12.91
M     11.00   837.40  23.33   858.19  25.82
M     13.00   621.21  15.31   658.41  23.41
M     15.00   508.33   9.34   528.57  10.93
M     17.00   441.82   5.78   443.72   7.15
M     19.00   372.90   4.23   384.55   4.71
M     21.00   334.98   3.89   346.26   4.17
M     23.00   310.10   1.72   314.24   3.54
M     25.00   288.60   2.11   289.34   2.82
M     27.00   267.43   2.31   271.07   1.96
M     29.00   249.04   1.19   253.13   2.69
M     31.00   234.37   2.07   242.46   1.89
M     33.00   218.33   1.72   226.91   1.81
M     35.00   211.04   1.52   215.48   2.07
M     37.00   198.67   1.29   205.51   1.29
M     39.00   198.10   1.22   196.59   1.18
M     41.00   187.05   1.12   190.50   1.39
M     43.05   181.35   1.54   180.57   1.18
M     45.20   168.29   1.12   171.75   1.03
M     47.46   163.60   0.95   162.74   1.12
M     49.84   153.68   1.23   152.21   1.09
M     52.33   144.18   0.93   145.58   0.88
M     54.94   134.91   0.86   139.00   0.78
M     57.69   130.00   0.84   133.18   0.71
M     60.58   128.36   0.66   129.59   0.71
M     63.60   123.57   0.66   124.61   0.71
M     66.78   120.33   0.64   124.30   0.46
M     70.12   118.11   0.61   121.10   0.50
M     73.63   115.21   0.55   117.97   0.38
M     77.31   113.85   0.39   115.80   0.23
M     81.18   112.08   0.08   113.74   0.08
M     85.24   110.67   0.05   112.04   0.06
M     89.50   109.27   0.05   110.35   0.06
M     93.97   107.99   0.05   108.77   0.05
M     98.67   107.00   0.17   107.42   0.05
M    103.60   106.14   0.17   106.36   0.04
M    108.79   105.42   0.23   105.44   0.05
M    114.22   104.77   0.26   104.86   0.10
M    119.94   104.52   0.34   104.40   0.24
M    125.93   103.01   0.34   103.37   0.29
M    132.23   102.39   0.33   102.59   0.23
M    138.84   102.21   0.29   102.12   0.19
M    145.78   102.29   0.28   101.52   0.20
M    153.07   101.40   0.27   101.45   0.21
M    160.73   101.31   0.26   101.06   0.15
M    168.76   100.50   0.25   100.77   0.11
M    177.20   100.58   0.24   100.53   0.11
M    186.06   100.34   0.22   100.42   0.12
M    195.36   100.26   0.20   100.29   0.14
M    205.13   100.10   0.19   100.13   0.14
M    215.39   100.05   0.17   100.05   0.13
M    226.16   100.02   0.17   100.01   0.11
M    237.46   100.05   0.17    99.96   0.11
M    249.34    99.98   0.16    99.90   0.10
M    261.80    99.95   0.16    99.88   0.11
