###  1237667324334571840 0.186 30.0 99.655144
# method  r_pixel  i1_cts i1_cts_err i2_cts i2_cts_err
I      3.00   503.11   0.60   516.42   7.14
I      5.00   388.03   3.45   397.98   6.78
I      7.00   323.52   3.40   330.59   0.76
I      9.00   280.23   1.49   284.46   1.96
M     11.00   260.02   3.90   253.09   4.39
M     13.00   228.63   2.99   230.12   1.95
M     15.00   215.53   3.13   208.24   2.89
M     17.00   196.59   2.39   197.18   2.08
M     19.00   191.36   3.54   187.76   1.85
M     21.00   180.41   2.72   180.02   2.00
M     23.00   164.14   1.93   174.27   1.84
M     25.00   165.67   1.08   166.61   1.93
M     27.00   157.83   1.74   159.35   1.96
M     29.00   147.93   1.30   151.00   1.46
M     31.00   140.72   1.54   143.05   1.82
M     33.00   138.20   1.13   142.22   1.77
M     35.00   133.61   1.16   134.11   1.81
M     37.00   132.61   1.31   129.88   1.22
M     39.00   126.63   1.15   126.46   1.10
M     41.00   122.23   1.28   124.40   1.46
M     43.05   119.95   1.16   120.25   1.16
M     45.20   118.08   1.07   118.20   1.34
M     47.46   111.60   1.12   114.05   0.98
M     49.84   110.65   1.18   113.38   1.15
M     52.33   109.90   0.89   111.91   0.76
M     54.94   108.67   0.99   109.37   1.02
M     57.69   106.71   1.02   108.48   0.93
M     60.58   106.38   0.91   107.83   0.89
M     63.60   105.53   0.86   106.16   0.76
M     66.78   104.62   0.68   104.93   0.59
M     70.12   104.68   0.83   103.31   0.73
M     73.63   103.45   0.75   102.06   0.60
M     77.31   102.30   0.67   103.41   0.61
M     81.18   102.62   0.59   102.67   0.59
M     85.24   101.60   0.68   102.13   0.61
M     89.50   100.82   0.64   101.41   0.60
M     93.97   101.53   0.55   101.14   0.54
M     98.67   100.81   0.54   100.79   0.57
M    103.60   100.89   0.56   100.95   0.47
M    108.79   101.02   0.43   100.27   0.45
M    114.22    99.79   0.46    99.06   0.48
M    119.94    99.73   0.44    99.77   0.46
M    125.93   100.08   0.42    99.63   0.42
M    132.23    99.78   0.39    99.70   0.32
M    138.84   100.23   0.36    99.89   0.27
M    145.78   100.46   0.33    99.95   0.25
M    153.07   100.41   0.35    99.94   0.26
M    160.73    99.84   0.32    99.81   0.27
M    168.76   100.07   0.34    99.66   0.27
M    177.20    99.10   0.29    99.91   0.30
M    186.06    99.41   0.27   100.31   0.29
M    195.36    99.79   0.28   100.43   0.26
M    205.13    99.67   0.24   100.07   0.23
M    215.39    99.40   0.25   100.36   0.23
M    226.16    99.74   0.24   100.41   0.23
M    237.46   100.05   0.23    99.84   0.22
M    249.34    99.20   0.21    99.61   0.21
M    261.80    99.67   0.20    99.98   0.21
