###  1237667324334309429 0.1859 30.0 99.771896
# method  r_pixel  i1_cts i1_cts_err i2_cts i2_cts_err
I      3.00   653.92   0.30   755.09   2.35
I      5.00   512.76   1.19   604.74   5.29
I      7.00   421.78   1.49   489.62   4.71
I      9.00   351.97   3.53   399.68   5.06
M     11.00   313.74   5.93   343.78   3.46
M     13.00   268.90   4.38   298.64   4.88
M     15.00   240.78   3.18   265.40   2.94
M     17.00   219.50   1.46   241.54   2.27
M     19.00   212.47   1.20   224.40   3.13
M     21.00   203.75   2.17   211.43   1.53
M     23.00   198.16   1.43   198.59   2.11
M     25.00   187.33   1.81   192.00   1.71
M     27.00   182.96   1.46   180.95   1.57
M     29.00   176.89   1.49   178.53   1.08
M     31.00   170.96   1.17   173.98   1.54
M     33.00   165.22   1.13   168.80   1.69
M     35.00   159.79   0.94   164.52   1.89
M     37.00   155.60   1.18   158.31   0.94
M     39.00   150.10   1.06   152.49   1.02
M     41.00   143.16   1.01   146.52   1.18
M     43.05   138.29   0.73   143.81   0.87
M     45.20   135.50   0.84   138.65   1.15
M     47.46   129.54   1.03   135.11   1.01
M     49.84   126.03   0.79   128.79   0.83
M     52.33   121.84   0.79   124.68   0.90
M     54.94   118.99   0.77   121.44   0.76
M     57.69   114.99   0.87   118.10   0.82
M     60.58   114.65   0.78   114.20   0.85
M     63.60   112.83   0.71   111.70   0.43
M     66.78   109.55   0.64   109.85   0.50
M     70.12   107.37   0.59   108.59   0.40
M     73.63   107.11   0.58   107.53   0.47
M     77.31   106.79   0.65   106.56   0.42
M     81.18   105.12   0.57   105.06   0.46
M     85.24   103.72   0.41   104.42   0.50
M     89.50   102.62   0.42   103.59   0.57
M     93.97   102.16   0.32   102.77   0.44
M     98.67   101.70   0.32   101.86   0.49
M    103.60   101.43   0.41   101.59   0.41
M    108.79   101.18   0.35   101.35   0.42
M    114.22   101.50   0.37   100.33   0.37
M    119.94   100.31   0.35    99.73   0.43
M    125.93    99.97   0.35    99.59   0.41
M    132.23    99.71   0.35    99.85   0.40
M    138.84   100.29   0.31    99.32   0.39
M    145.78    99.64   0.30    99.82   0.38
M    153.07    99.74   0.28    99.39   0.36
M    160.73    99.64   0.29   100.48   0.35
M    168.76   100.01   0.29    99.42   0.31
M    177.20   100.10   0.27    99.50   0.29
M    186.06    98.96   0.24    99.74   0.31
M    195.36    99.66   0.21    99.59   0.26
M    205.13    99.73   0.20   100.01   0.24
M    215.39    99.76   0.21    99.61   0.25
M    226.16   100.06   0.20    99.56   0.24
M    237.46    99.84   0.20    99.60   0.23
M    249.34    99.76   0.18    99.81   0.20
M    261.80    99.82   0.17    99.84   0.20
