###  1237667324334833870 0.186 30.0 99.745872
# method  r_pixel  i1_cts i1_cts_err i2_cts i2_cts_err
I      3.00  1784.23  52.86  1438.10  10.73
I      5.00  1013.18  34.84   920.82  12.54
I      7.00   681.74  17.90   661.92  11.59
I      9.00   547.34   9.44   541.41   8.35
M     11.00   476.72  14.75   480.98   7.83
M     13.00   434.30   8.24   443.97   5.44
M     15.00   392.75  10.22   393.08   6.41
M     17.00   369.48   5.77   355.24   3.62
M     19.00   345.59   7.45   333.16   1.82
M     21.00   319.03   3.35   314.41   1.81
M     23.00   306.00   1.84   298.35   2.32
M     25.00   293.76   1.88   287.82   1.93
M     27.00   283.20   2.41   276.68   1.86
M     29.00   265.37   1.57   268.40   1.41
M     31.00   265.48   2.28   258.55   1.41
M     33.00   255.92   1.13   249.75   1.22
M     35.00   246.46   1.94   243.82   1.20
M     37.00   240.67   1.58   234.40   1.36
M     39.00   232.13   1.59   223.58   1.49
M     41.00   223.64   1.32   219.86   1.00
M     43.05   215.43   1.33   215.51   1.37
M     45.20   207.41   1.44   209.17   0.86
M     47.46   199.41   1.28   199.47   1.08
M     49.84   193.44   0.95   195.51   0.98
M     52.33   189.88   1.08   186.58   1.22
M     54.94   184.21   0.98   179.84   0.85
M     57.69   180.26   1.00   173.19   1.09
M     60.58   171.88   1.09   167.85   0.85
M     63.60   163.65   0.85   163.24   0.72
M     66.78   157.29   0.95   156.00   0.81
M     70.12   153.60   0.71   151.86   0.77
M     73.63   149.16   0.70   146.14   0.60
M     77.31   144.32   0.75   141.49   0.62
M     81.18   141.01   0.69   137.02   0.63
M     85.24   135.46   0.63   131.67   0.58
M     89.50   128.76   0.53   128.67   0.53
M     93.97   124.91   0.52   123.61   0.54
M     98.67   119.58   0.47   121.26   0.46
M    103.60   117.18   0.50   117.77   0.40
M    108.79   113.55   0.39   114.27   0.42
M    114.22   110.66   0.34   111.02   0.32
M    119.94   107.62   0.10   107.83   0.19
M    125.93   106.58   0.03   106.49   0.15
M    132.23   105.77   0.21   105.50   0.23
M    138.84   104.55   0.27   104.50   0.31
M    145.78   103.63   0.27   102.64   0.33
M    153.07   102.20   0.29   102.34   0.31
M    160.73   101.59   0.26   102.10   0.28
M    168.76   101.17   0.27   100.56   0.30
M    177.20   100.38   0.25   100.53   0.25
M    186.06   100.25   0.24   100.35   0.22
M    195.36    99.92   0.24   100.19   0.20
M    205.13    99.79   0.23    99.92   0.19
M    215.39    99.62   0.19    99.64   0.17
M    226.16    99.62   0.18    99.62   0.20
M    237.46    99.76   0.19    99.47   0.20
M    249.34    99.52   0.18   100.06   0.19
M    261.80    99.90   0.16    99.75   0.17
