###  1237667324334637091 0.1861 30.0 99.539886
# method  r_pixel  i1_cts i1_cts_err i2_cts i2_cts_err
I      3.00  1020.03   4.64  1470.95   6.40
I      5.00   711.79   5.64  1012.79   9.04
I      7.00   564.25   3.91   726.37   4.42
I      9.00   478.19   5.79   569.56   7.09
M     11.00   418.21   5.92   478.66   7.68
M     13.00   384.21   3.54   420.08   5.57
M     15.00   339.21   6.78   369.83   6.91
M     17.00   313.61   4.00   342.90   4.19
M     19.00   288.87   2.85   316.02   3.43
M     21.00   266.02   2.09   284.72   3.03
M     23.00   245.99   1.86   266.02   2.05
M     25.00   232.61   2.00   253.48   3.80
M     27.00   220.31   2.39   232.62   2.05
M     29.00   209.67   1.90   217.03   2.00
M     31.00   198.27   1.44   208.22   2.65
M     33.00   187.04   1.52   197.48   2.95
M     35.00   185.70   1.27   187.92   1.71
M     37.00   178.72   1.58   183.00   1.74
M     39.00   168.55   1.47   176.27   1.97
M     41.00   163.63   1.47   169.38   2.32
M     43.05   156.60   0.60   164.20   1.82
M     45.20   152.04   1.16   155.69   1.58
M     47.46   148.27   1.25   153.07   1.52
M     49.84   140.37   1.00   142.64   1.38
M     52.33   139.24   1.02   141.62   1.15
M     54.94   135.51   0.79   139.11   1.20
M     57.69   129.92   0.91   135.08   1.02
M     60.58   127.52   0.91   127.64   0.91
M     63.60   124.91   0.78   125.77   1.06
M     66.78   122.18   0.82   121.31   0.83
M     70.12   119.17   0.69   119.71   0.69
M     73.63   116.35   0.73   117.39   0.75
M     77.31   114.01   0.70   114.94   0.75
M     81.18   111.93   0.68   111.86   0.67
M     85.24   108.76   0.65   109.99   0.58
M     89.50   107.54   0.57   108.83   0.35
M     93.97   106.21   0.61   107.69   0.52
M     98.67   105.29   0.58   106.57   0.45
M    103.60   104.91   0.48   104.88   0.46
M    108.79   104.54   0.48   103.00   0.51
M    114.22   103.84   0.48   102.28   0.48
M    119.94   102.92   0.42   101.28   0.46
M    125.93   101.29   0.43   100.57   0.41
M    132.23   101.24   0.42   100.42   0.42
M    138.84   100.99   0.41    99.82   0.41
M    145.78    99.99   0.36    99.31   0.34
M    153.07   100.01   0.36    99.88   0.34
M    160.73    99.97   0.37   100.09   0.33
M    168.76    99.79   0.28    99.77   0.30
M    177.20    99.63   0.25    99.61   0.26
M    186.06    99.55   0.23    99.55   0.23
M    195.36    99.52   0.26    99.52   0.19
M    205.13    99.43   0.27    99.51   0.21
M    215.39    99.35   0.25    99.49   0.21
M    226.16    99.48   0.25    99.08   0.24
M    237.46    99.46   0.19    98.90   0.23
M    249.34    99.49   0.21    99.18   0.23
M    261.80    99.69   0.21    99.44   0.21
