###  1237667444048789861 0.1859 30.0 99.624023
# method  r_pixel  i1_cts i1_cts_err i2_cts i2_cts_err
I      3.00  1753.37   8.71  2759.31  46.62
I      5.00   996.22   2.35  1519.47  10.88
I      7.00   645.32   4.30   898.14   4.00
I      9.00   466.30   1.96   594.96   5.03
M     11.00   358.40   7.61   440.79  14.11
M     13.00   285.69   5.88   351.52   8.97
M     15.00   248.14   2.54   287.20   5.20
M     17.00   220.27   3.10   242.77   3.09
M     19.00   196.99   2.43   213.51   2.57
M     21.00   181.82   2.48   192.14   2.92
M     23.00   167.20   1.11   175.72   2.12
M     25.00   159.02   1.76   170.71   2.24
M     27.00   151.01   1.53   162.35   1.71
M     29.00   147.08   1.64   152.62   1.40
M     31.00   141.74   1.36   146.63   1.82
M     33.00   136.91   1.08   144.62   2.02
M     35.00   137.05   1.55   141.26   4.03
M     37.00   129.86   1.14   134.79   1.50
M     39.00   124.71   1.22   128.33   1.53
M     41.00   123.38   1.60   126.49   1.11
M     43.05   122.39   1.14   125.23   1.32
M     45.20   119.93   1.39   120.68   1.43
M     47.46   118.16   0.68   117.29   1.41
M     49.84   116.72   0.08   116.67   1.24
M     52.33   115.50   0.08   115.90   0.99
M     54.94   113.94   0.08   112.28   0.97
M     57.69   112.51   0.09   112.76   0.97
M     60.58   110.70   0.09   111.54   0.87
M     63.60   109.16   0.08   110.82   0.86
M     66.78   108.05   0.38   109.20   0.90
M     70.12   106.29   0.69   108.03   0.72
M     73.63   106.14   0.67   106.12   0.71
M     77.31   105.25   0.64   104.92   0.71
M     81.18   104.68   0.64   103.59   0.57
M     85.24   103.99   0.60   102.99   0.56
M     89.50   103.03   0.59   104.08   0.56
M     93.97   100.60   0.58   101.58   0.58
M     98.67   102.03   0.53   102.27   0.55
M    103.60   101.47   0.49   102.13   0.49
M    108.79   101.25   0.45   101.35   0.48
M    114.22   100.78   0.36   101.15   0.40
M    119.94   100.38   0.34   100.71   0.34
M    125.93   100.14   0.35   100.22   0.33
M    132.23   100.06   0.31   100.13   0.27
M    138.84    99.98   0.27   100.03   0.30
M    145.78    99.89   0.22    99.98   0.34
M    153.07    99.80   0.20   100.03   0.37
M    160.73    99.70   0.21    99.99   0.35
M    168.76    99.56   0.21   100.21   0.30
M    177.20    99.43   0.22    99.99   0.30
M    186.06    99.51   0.22    99.80   0.27
M    195.36    99.60   0.25    99.58   0.27
M    205.13    98.83   0.25   100.32   0.26
M    215.39    99.06   0.23    99.97   0.24
M    226.16    99.56   0.15    99.63   0.23
M    237.46    99.66   0.13   100.15   0.22
M    249.34    99.65   0.12    99.66   0.20
M    261.80    99.65   0.16    99.65   0.20
