###  1237667444585070621 0.1859 30.0 99.684807
# method  r_pixel  i1_cts i1_cts_err i2_cts i2_cts_err
I      3.00  3852.98  78.42  4898.24 135.00
I      5.00  2114.78  32.01  2603.21  41.60
I      7.00  1386.53  19.22  1688.93  14.04
I      9.00  1024.90  17.10  1198.22   8.19
M     11.00   802.70  26.02   892.60  29.75
M     13.00   635.50  15.49   707.41  17.45
M     15.00   514.61  11.70   579.94  13.27
M     17.00   464.48   4.78   485.63   7.38
M     19.00   420.76   3.47   431.80   4.23
M     21.00   397.19   2.53   395.83   3.69
M     23.00   370.67   3.48   367.65   2.79
M     25.00   343.81   4.63   346.39   3.56
M     27.00   319.26   5.04   319.61   3.28
M     29.00   302.76   4.05   301.17   4.03
M     31.00   270.38   3.74   280.92   3.25
M     33.00   258.42   3.21   266.12   2.36
M     35.00   237.10   3.92   252.73   2.46
M     37.00   231.59   2.63   237.69   2.61
M     39.00   215.71   3.01   237.17   2.19
M     41.00   210.20   2.67   225.52   1.55
M     43.05   207.57   1.77   220.47   1.66
M     45.20   199.60   1.44   211.55   2.11
M     47.46   192.92   1.38   204.83   1.44
M     49.84   183.12   0.95   191.77   1.51
M     52.33   173.27   1.03   180.50   1.27
M     54.94   165.46   0.98   168.37   1.11
M     57.69   155.18   1.05   158.09   1.10
M     60.58   148.88   0.92   148.41   0.75
M     63.60   138.64   0.67   139.39   0.91
M     66.78   130.07   0.70   133.51   0.62
M     70.12   126.90   0.82   126.39   0.78
M     73.63   120.94   0.64   121.95   0.68
M     77.31   116.92   0.68   118.70   0.62
M     81.18   113.74   0.54   115.34   0.48
M     85.24   110.35   0.47   111.90   0.49
M     89.50   108.13   0.43   108.58   0.53
M     93.97   105.83   0.45   106.37   0.49
M     98.67   104.40   0.45   104.46   0.46
M    103.60   103.75   0.43   103.64   0.39
M    108.79   103.29   0.45   102.46   0.40
M    114.22   101.87   0.38   102.00   0.37
M    119.94   101.51   0.37   101.62   0.31
M    125.93   101.26   0.03   101.27   0.28
M    132.23   100.80   0.01   100.83   0.02
M    138.84   100.35   0.01   100.38   0.01
M    145.78   100.38   0.00   100.37   0.03
M    153.07   100.41   0.06   100.41   0.23
M    160.73   100.13   0.19   100.16   0.22
M    168.76    99.84   0.22    99.82   0.17
M    177.20    99.42   0.24    99.79   0.13
M    186.06    99.69   0.23    99.79   0.13
M    195.36    99.70   0.22    99.75   0.10
M    205.13    99.74   0.21    99.71   0.12
M    215.39    99.42   0.19    99.68   0.15
M    226.16    99.33   0.20    99.65   0.16
M    237.46    99.92   0.18    99.48   0.18
M    249.34   100.00   0.18    99.67   0.15
M    261.80    99.70   0.15    99.70   0.15
