###  1237665428090257496 0.1861 30.0 99.544563
# method  r_pixel  i1_cts i1_cts_err i2_cts i2_cts_err
I      3.00  2584.84  19.14  3841.44  17.80
I      5.00  1647.60  12.77  2364.28  18.87
I      7.00  1121.61  11.43  1546.69  16.94
I      9.00   838.16   8.90  1077.22  10.18
I     11.00   677.37   5.16   817.20   6.19
M     13.00   592.10   6.90   693.09  14.36
M     15.00   534.10   8.78   587.15   9.02
M     17.00   475.14   3.82   526.94   4.90
M     19.00   429.76   4.51   479.29   4.30
M     21.00   400.99   3.03   435.76   5.12
M     23.00   366.39   2.89   399.07   3.94
M     25.00   344.09   3.59   367.92   2.83
M     27.00   326.71   3.59   347.54   1.87
M     29.00   308.59   2.30   327.20   2.54
M     31.00   290.47   2.16   302.33   2.45
M     33.00   281.11   2.43   293.49   1.65
M     35.00   271.33   1.67   280.16   1.93
M     37.00   257.47   2.00   270.57   1.35
M     39.00   254.25   1.48   263.18   1.54
M     41.00   249.69   1.44   251.43   1.53
M     43.05   243.72   1.43   248.74   1.01
M     45.20   242.56   1.48   242.74   1.05
M     47.46   240.38   1.59   241.99   1.01
M     49.84   237.68   2.17   237.92   1.11
M     52.33   233.10   2.05   238.74   1.54
M     54.94   231.69   2.24   237.57   1.95
M     57.69   226.67   2.06   237.76   2.30
M     60.58   223.83   1.38   233.01   2.24
M     63.60   215.43   1.22   227.46   1.84
M     66.78   205.53   1.17   221.32   2.33
M     70.12   191.24   1.02   204.52   1.72
M     73.63   175.28   1.06   186.86   1.29
M     77.31   160.23   0.77   170.10   0.77
M     81.18   149.87   0.68   155.43   0.89
M     85.24   139.16   0.63   146.16   0.70
M     89.50   131.76   0.55   135.25   0.61
M     93.97   123.98   0.50   127.38   0.60
M     98.67   119.05   0.51   122.45   0.51
M    103.60   116.81   0.44   117.97   0.44
M    108.79   114.94   0.37   114.92   0.43
M    114.22   113.40   0.28   113.12   0.36
M    119.94   111.73   0.38   112.69   0.16
M    125.93   109.10   0.36   109.21   0.15
M    132.23   107.07   0.30   107.53   0.05
M    138.84   106.41   0.32   106.80   0.05
M    145.78   105.25   0.31   105.78   0.17
M    153.07   104.64   0.25   105.13   0.21
M    160.73   103.96   0.26   103.91   0.26
M    168.76   103.30   0.28   103.71   0.23
M    177.20   102.52   0.27   103.28   0.22
M    186.06   101.87   0.22   102.57   0.22
M    195.36   101.61   0.24   101.59   0.21
M    205.13   100.05   0.23   100.84   0.24
M    215.39   100.31   0.22   100.65   0.22
M    226.16   100.03   0.20   100.60   0.17
M    237.46   100.42   0.19   100.38   0.15
M    249.34    99.63   0.18   100.14   0.16
M    261.80    99.96   0.17   100.22   0.19
