###  1237667444585660537 0.1859 30.0 99.786934
# method  r_pixel  i1_cts i1_cts_err i2_cts i2_cts_err
I      3.00  2359.92  21.46  3158.97  38.00
I      5.00  1156.48   9.66  1518.40  19.56
I      7.00   653.49   3.36   820.76  10.43
I      9.00   452.33   3.37   521.28   4.41
M     11.00   372.24   2.70   399.62   9.25
M     13.00   333.78   4.47   351.18   4.15
M     15.00   309.02   1.75   319.17   2.31
M     17.00   288.77   1.17   297.70   2.90
M     19.00   269.07   3.96   275.53   2.38
M     21.00   258.62   3.24   267.20   2.34
M     23.00   249.19   1.97   254.26   1.59
M     25.00   238.26   2.14   244.44   1.74
M     27.00   221.56   2.37   227.50   2.52
M     29.00   207.96   1.97   213.21   2.05
M     31.00   192.64   1.65   198.13   1.45
M     33.00   177.68   1.32   185.34   1.71
M     35.00   168.81   1.46   172.38   1.23
M     37.00   158.68   1.40   162.24   1.75
M     39.00   155.87   1.63   157.48   1.22
M     41.00   149.94   0.74   151.76   1.27
M     43.05   148.71   1.02   149.14   1.17
M     45.20   144.13   1.26   145.51   1.22
M     47.46   141.74   0.95   141.88   1.30
M     49.84   139.44   1.25   136.83   1.15
M     52.33   134.63   1.17   130.92   1.26
M     54.94   130.39   0.73   126.78   1.03
M     57.69   127.60   0.74   123.41   0.87
M     60.58   122.90   0.76   121.92   0.95
M     63.60   121.01   0.74   119.41   0.80
M     66.78   117.76   0.78   116.62   0.84
M     70.12   114.55   0.77   116.75   0.79
M     73.63   111.64   0.70   114.35   0.55
M     77.31   109.32   0.65   111.19   0.24
M     81.18   107.91   0.61   110.07   0.05
M     85.24   107.58   0.65   109.06   0.04
M     89.50   106.82   0.52   108.16   0.03
M     93.97   105.97   0.55   107.31   0.06
M     98.67   104.61   0.56   106.48   0.36
M    103.60   103.80   0.51   105.27   0.49
M    108.79   101.19   0.45   103.77   0.47
M    114.22   102.14   0.49   102.36   0.47
M    119.94   101.43   0.44   101.17   0.41
M    125.93   101.22   0.45   101.41   0.38
M    132.23   101.13   0.35   101.39   0.37
M    138.84   101.53   0.39   101.04   0.34
M    145.78   100.44   0.32   100.21   0.36
M    153.07   100.36   0.27   100.20   0.34
M    160.73   100.24   0.23    99.90   0.31
M    168.76   100.16   0.24   100.19   0.29
M    177.20   100.11   0.29    99.79   0.28
M    186.06   100.07   0.29    99.87   0.27
M    195.36   100.10   0.22    99.59   0.25
M    205.13    99.84   0.18    99.81   0.25
M    215.39    99.63   0.20    99.22   0.24
M    226.16    99.63   0.23    99.63   0.20
M    237.46    99.30   0.22    99.67   0.17
M    249.34    99.70   0.21    99.70   0.17
M    261.80   100.04   0.20    99.72   0.17
