###  1237667324334964782 0.186 30.0 99.874969
# method  r_pixel  i1_cts i1_cts_err i2_cts i2_cts_err
I      3.00  5530.58  19.47  5967.11  41.20
I      5.00  3088.03  34.08  3266.95  21.80
I      7.00  2142.16  16.06  2229.55  15.35
I      9.00  1542.08  14.57  1595.35  19.15
M     11.00  1120.57  29.25  1197.14  33.66
M     13.00   898.62  19.01   915.68  20.33
M     15.00   748.75  12.78   772.73  11.42
M     17.00   654.32   9.67   670.68   6.92
M     19.00   573.34   5.95   601.62   3.93
M     21.00   518.72   5.76   559.84   5.92
M     23.00   475.29   4.91   510.70   4.13
M     25.00   449.96   4.09   487.05   2.70
M     27.00   422.24   3.54   453.29   2.85
M     29.00   400.60   1.46   437.55   3.99
M     31.00   377.99   2.23   417.00   3.05
M     33.00   363.38   2.21   395.00   3.82
M     35.00   343.32   1.56   375.14   3.61
M     37.00   321.81   1.48   361.65   3.04
M     39.00   304.58   1.66   340.00   3.44
M     41.00   291.70   2.17   322.14   2.31
M     43.05   275.50   2.21   306.63   2.52
M     45.20   256.33   1.58   285.29   2.52
M     47.46   243.50   2.23   261.84   1.87
M     49.84   229.86   3.22   241.79   1.78
M     52.33   211.17   1.96   218.89   1.65
M     54.94   194.24   1.29   204.28   1.17
M     57.69   181.44   1.16   188.70   1.42
M     60.58   169.00   0.90   173.30   1.00
M     63.60   160.59   0.97   163.00   0.75
M     66.78   149.77   0.82   154.16   0.86
M     70.12   142.04   0.63   144.72   0.83
M     73.63   133.83   0.67   136.44   0.63
M     77.31   128.21   0.59   130.17   0.67
M     81.18   121.87   0.59   124.34   0.58
M     85.24   118.24   0.54   120.11   0.46
M     89.50   114.61   0.56   116.19   0.44
M     93.97   112.36   0.49   114.24   0.29
M     98.67   109.26   0.53   111.97   0.39
M    103.60   108.38   0.44   109.45   0.27
M    108.79   106.50   0.41   107.50   0.28
M    114.22   104.97   0.34   105.94   0.33
M    119.94   104.28   0.28   104.45   0.35
M    125.93   103.59   0.22   103.52   0.34
M    132.23   102.90   0.21   102.48   0.32
M    138.84   102.27   0.26   102.53   0.30
M    145.78   101.65   0.25   101.87   0.24
M    153.07   101.35   0.29   101.56   0.24
M    160.73   100.89   0.31   101.08   0.27
M    168.76   100.66   0.29   101.17   0.23
M    177.20   100.39   0.29   100.45   0.26
M    186.06   100.61   0.29   100.44   0.23
M    195.36    99.96   0.26    99.99   0.21
M    205.13   100.11   0.26   100.20   0.19
M    215.39   100.04   0.24   100.17   0.19
M    226.16    99.95   0.15   100.06   0.19
M    237.46    99.86   0.13    99.96   0.17
M    249.34    99.79   0.12   100.05   0.17
M    261.80    99.82   0.14    99.70   0.16
