###  1237667444585201733 0.186 30.0 99.765091
# method  r_pixel  i1_cts i1_cts_err i2_cts i2_cts_err
I      3.00  1261.24  13.07  1241.37  13.63
I      5.00   890.08  11.86   863.19   8.86
I      7.00   644.40   5.73   655.55   6.30
I      9.00   514.77   7.67   503.00   3.87
M     11.00   412.99   7.70   404.95  10.94
M     13.00   350.97   6.43   336.41   4.02
M     15.00   308.75   3.60   308.87   4.05
M     17.00   286.77   3.55   280.36   3.26
M     19.00   264.47   3.51   266.33   1.63
M     21.00   249.37   2.38   251.25   1.20
M     23.00   240.05   2.26   237.56   1.49
M     25.00   224.41   1.61   227.10   1.37
M     27.00   209.36   1.99   213.30   1.36
M     29.00   199.92   1.34   197.76   1.86
M     31.00   189.81   1.54   190.47   1.49
M     33.00   179.25   1.37   179.75   1.24
M     35.00   170.94   1.38   168.82   1.37
M     37.00   162.14   0.95   161.40   1.48
M     39.00   152.51   1.10   153.54   1.24
M     41.00   149.31   1.12   149.26   1.49
M     43.05   141.70   1.14   144.27   1.42
M     45.20   138.39   1.37   136.11   1.01
M     47.46   130.14   1.24   131.05   0.88
M     49.84   126.41   0.92   127.14   0.86
M     52.33   122.08   0.69   123.67   0.98
M     54.94   117.44   0.73   119.52   0.80
M     57.69   113.96   0.65   116.86   1.17
M     60.58   111.65   0.59   112.02   0.87
M     63.60   109.51   0.44   109.73   0.34
M     66.78   107.70   0.48   107.89   0.30
M     70.12   105.74   0.35   106.50   0.34
M     73.63   104.38   0.39   104.90   0.34
M     77.31   103.49   0.32   104.12   0.61
M     81.18   102.61   0.28   102.95   0.51
M     85.24   102.18   0.27   102.96   0.52
M     89.50   101.80   0.37   101.87   0.59
M     93.97   101.49   0.36   102.34   0.46
M     98.67   101.34   0.40   102.58   0.47
M    103.60   100.42   0.37   101.66   0.45
M    108.79   100.88   0.37   100.57   0.35
M    114.22   100.22   0.39   100.49   0.30
M    119.94   100.34   0.34   100.43   0.35
M    125.93   100.29   0.33   101.01   0.36
M    132.23   100.08   0.31   100.67   0.36
M    138.84   100.48   0.29   100.46   0.34
M    145.78    99.86   0.26   100.84   0.31
M    153.07   100.16   0.27   100.23   0.29
M    160.73    99.91   0.28    99.75   0.25
M    168.76   100.42   0.26    99.71   0.18
M    177.20    99.23   0.24    99.70   0.11
M    186.06    99.71   0.17    99.71   0.14
M    195.36    99.71   0.17    99.71   0.19
M    205.13    99.71   0.20    99.84   0.23
M    215.39    99.68   0.20   100.00   0.22
M    226.16    99.66   0.16    99.65   0.18
M    237.46    99.66   0.16    99.66   0.16
M    249.34    99.73   0.17    99.71   0.10
M    261.80    99.75   0.13    99.75   0.09
