###  1237667322723631315 0.1861 30.0 98.711594
# method  r_pixel  i1_cts i1_cts_err i2_cts i2_cts_err
I      3.00   245.01   3.02   261.41   1.32
I      5.00   208.76   0.73   214.85   2.76
I      7.00   188.85   1.65   201.90   1.82
I      9.00   167.73   2.32   180.95   1.29
M     11.00   154.20   1.27   158.00   1.60
M     13.00   143.30   2.48   149.23   1.07
M     15.00   136.52   0.99   139.03   0.73
M     17.00   132.18   1.38   130.93   0.41
M     19.00   127.57   1.39   126.93   0.25
M     21.00   122.41   1.17   123.55   0.29
M     23.00   118.28   1.26   119.68   0.22
M     25.00   115.62   1.31   117.15   0.09
M     27.00   115.04   1.52   116.30   0.10
M     29.00   113.07   1.12   114.19   0.12
M     31.00   113.53   0.80   112.35   0.11
M     33.00   111.76   1.20   110.98   0.05
M     35.00   111.38   0.83   110.40   0.03
M     37.00   111.47   0.84   109.83   0.04
M     39.00   109.53   0.93   109.26   0.03
M     41.00   109.31   1.05   108.88   0.02
M     43.05   109.03   0.91   108.63   0.02
M     45.20   107.34   0.80   108.06   0.04
M     47.46   107.25   0.79   107.47   0.03
M     49.84   106.65   0.89   107.18   0.01
M     52.33   108.61   0.65   107.03   0.01
M     54.94   110.05   0.87   107.64   0.04
M     57.69   111.35   1.30   108.25   0.02
M     60.58   112.22   2.18   107.21   0.06
M     63.60   110.97   3.20   106.47   0.25
M     66.78   122.36   3.76   118.76   0.50
M     70.12   132.13   3.20   130.55   0.38
M     73.63   140.57   5.06   139.01   0.30
M     77.31   144.51   2.88   144.05   0.18
M     81.18   136.17   2.16   135.42   0.29
M     85.24   126.89   1.68   126.36   0.28
M     89.50   118.38   1.05   117.72   0.25
M     93.97   110.03   0.46   110.12   0.17
M     98.67   104.38   0.35   104.71   0.14
M    103.60   101.10   0.27   101.08   0.02
M    108.79   100.99   0.28   100.97   0.00
M    114.22   100.90   0.23   100.90   0.00
M    119.94   100.90   0.24   100.90   0.00
M    125.93   100.90   0.20   100.90   0.00
M    132.23   100.90   0.11   100.90   0.00
M    138.84   100.90   0.11   100.41   0.24
M    145.78   100.90   0.09    99.45   0.25
M    153.07   100.90   0.13   100.19   0.23
M    160.73   100.90   0.15   100.90   0.18
M    168.76   100.90   0.14   100.90   0.16
M    177.20   100.90   0.13   100.90   0.16
M    186.06   100.90   0.16   100.22   0.19
M    195.36   100.49   0.18    99.97   0.18
M    205.13    99.93   0.18    99.93   0.18
M    215.39   100.02   0.18   100.79   0.16
M    226.16   100.90   0.15   100.90   0.14
M    237.46   100.56   0.15    99.87   0.16
M    249.34    99.67   0.15    99.95   0.15
M    261.80    99.37   0.15   100.00   0.14
