###  1237667444048396291 0.186 30.0 99.940796
# method  r_pixel  i1_cts i1_cts_err i2_cts i2_cts_err
I      3.00  6429.93   6.73  7619.12  44.53
I      5.00  3702.84   6.22  4476.99  32.52
I      7.00  2322.08   3.17  2878.41  22.72
I      9.00  1595.50   8.23  1967.47  15.29
M     11.00  1158.47  34.09  1382.49  55.61
M     13.00   863.00  22.06  1048.17  29.46
M     15.00   690.73  13.48   817.21  21.36
M     17.00   577.03  10.67   654.15  15.63
M     19.00   484.65   4.58   562.59   5.87
M     21.00   423.99   4.37   468.70   6.90
M     23.00   370.07   2.37   413.58   5.43
M     25.00   332.62   2.20   363.23   4.08
M     27.00   303.98   3.24   324.02   3.15
M     29.00   274.36   2.47   296.96   2.57
M     31.00   249.02   1.91   264.45   2.58
M     33.00   230.56   1.81   243.30   2.09
M     35.00   216.07   1.66   231.66   2.18
M     37.00   205.44   1.88   215.80   1.75
M     39.00   197.97   1.74   205.56   1.25
M     41.00   191.14   1.58   196.36   1.15
M     43.05   181.19   1.50   189.02   1.56
M     45.20   177.21   1.03   181.31   1.24
M     47.46   174.31   1.36   176.07   1.09
M     49.84   168.97   0.95   173.34   1.49
M     52.33   163.26   0.85   165.82   1.01
M     54.94   163.34   0.93   160.97   1.06
M     57.69   156.98   0.91   160.22   0.94
M     60.58   157.83   0.97   156.45   0.83
M     63.60   155.08   0.87   150.35   0.97
M     66.78   148.48   0.80   147.35   0.78
M     70.12   146.86   0.96   145.02   0.91
M     73.63   143.59   0.75   143.74   0.79
M     77.31   142.57   0.75   141.69   0.69
M     81.18   138.40   0.69   137.08   0.79
M     85.24   135.50   0.60   134.62   0.62
M     89.50   132.56   0.52   133.95   0.66
M     93.97   129.67   0.42   131.33   0.50
M     98.67   124.79   0.26   127.29   0.51
M    103.60   120.61   0.12   124.87   0.58
M    108.79   117.02   0.09   121.03   0.41
M    114.22   113.97   0.07   116.25   0.32
M    119.94   111.16   0.06   113.49   0.28
M    125.93   108.97   0.16   110.43   0.29
M    132.23   107.37   0.33   108.35   0.38
M    138.84   105.06   0.37   106.69   0.39
M    145.78   103.52   0.33   105.00   0.33
M    153.07   102.75   0.21   103.15   0.29
M    160.73   101.94   0.20   102.44   0.29
M    168.76   101.48   0.26   102.00   0.25
M    177.20   101.40   0.30   101.73   0.27
M    186.06   100.56   0.25   101.15   0.24
M    195.36   100.36   0.22   100.21   0.17
M    205.13   100.61   0.21   100.06   0.02
M    215.39    99.91   0.22    99.94   0.00
M    226.16    99.41   0.20    99.88   0.00
M    237.46    99.82   0.19    99.92   0.01
M    249.34    99.83   0.18    99.94   0.08
M    261.80    99.95   0.17    99.95   0.10
