###  1237667324334506284 0.1861 30.0 99.834145
# method  r_pixel  i1_cts i1_cts_err i2_cts i2_cts_err
I      3.00  3112.52  33.24  3427.62  45.89
I      5.00  2006.96  35.89  2199.76  18.68
I      7.00  1350.79  19.93  1502.17   9.71
I      9.00   974.73  10.90  1058.92   3.19
M     11.00   688.11  25.95   795.71  21.42
M     13.00   550.10  13.49   614.41  15.24
M     15.00   434.76  11.45   479.85  12.35
M     17.00   355.78   9.07   395.12   8.69
M     19.00   296.33   5.75   326.44   5.73
M     21.00   258.65   4.60   280.21   4.78
M     23.00   230.70   3.81   247.08   3.18
M     25.00   208.46   4.08   225.10   2.43
M     27.00   202.18   2.74   209.93   2.83
M     29.00   186.77   2.69   192.58   2.56
M     31.00   178.73   2.39   182.69   2.13
M     33.00   169.12   2.01   175.15   1.55
M     35.00   162.74   2.21   168.91   1.58
M     37.00   160.67   1.96   159.72   1.62
M     39.00   152.01   1.61   152.56   1.87
M     41.00   151.87   1.45   152.06   1.22
M     43.05   149.82   1.48   147.02   1.42
M     45.20   144.19   1.38   144.61   1.28
M     47.46   138.60   1.06   137.40   1.18
M     49.84   135.00   1.15   132.95   1.02
M     52.33   132.70   1.05   128.94   0.94
M     54.94   127.70   1.01   124.03   0.88
M     57.69   124.48   1.15   120.77   0.95
M     60.58   121.84   0.98   116.77   0.90
M     63.60   120.13   0.96   116.36   0.98
M     66.78   117.39   0.82   114.44   0.83
M     70.12   115.36   0.85   111.58   0.78
M     73.63   112.38   0.71   109.69   0.52
M     77.31   108.88   0.65   107.39   0.63
M     81.18   107.17   0.77   105.67   0.65
M     85.24   105.04   0.63   106.04   0.55
M     89.50   104.19   0.46   102.76   0.57
M     93.97   103.58   0.48   103.13   0.53
M     98.67   102.35   0.57   100.41   0.48
M    103.60   102.45   0.48   101.31   0.47
M    108.79   101.03   0.49   100.10   0.48
M    114.22   100.19   0.43   100.49   0.45
M    119.94   100.39   0.44    99.97   0.48
M    125.93   100.90   0.44   100.21   0.42
M    132.23    99.51   0.40    99.86   0.38
M    138.84   100.20   0.35   100.27   0.38
M    145.78   100.17   0.31    99.60   0.36
M    153.07   100.06   0.30   100.56   0.35
M    160.73    99.83   0.33    99.95   0.32
M    168.76   100.30   0.31    99.94   0.32
M    177.20    99.98   0.27    99.89   0.27
M    186.06    98.90   0.28    99.84   0.21
M    195.36    99.41   0.27    99.78   0.19
M    205.13    99.50   0.25    99.74   0.20
M    215.39    99.69   0.24    99.78   0.21
M    226.16    99.57   0.23    99.79   0.24
M    237.46    99.69   0.22    99.77   0.23
M    249.34    99.84   0.21    99.85   0.23
M    261.80    99.84   0.20    99.77   0.22
