###  1237665427553583111 0.186 30.0 99.622238
# method  r_pixel  i1_cts i1_cts_err i2_cts i2_cts_err
I      3.00  5678.21  24.51  9680.73  81.82
I      5.00  3417.61  12.13  5936.54  62.89
I      7.00  2179.24  17.97  3597.34  35.64
I      9.00  1550.40  19.31  2294.29  11.56
M     11.00  1144.89  41.77  1611.71  66.95
M     13.00   862.33  28.78  1188.97  39.10
M     15.00   702.40  26.42   919.68  28.88
M     17.00   554.19  15.79   739.27  20.53
M     19.00   457.69  15.42   591.74  19.41
M     21.00   395.45  13.04   493.26  13.90
M     23.00   340.89   8.58   419.19   9.76
M     25.00   314.51   8.15   358.47   9.30
M     27.00   284.15   5.62   321.42   8.28
M     29.00   264.19   4.15   293.64   6.31
M     31.00   243.86   3.46   271.84   5.30
M     33.00   236.32   2.24   250.02   3.05
M     35.00   227.35   1.89   236.98   2.27
M     37.00   219.28   1.50   225.28   2.21
M     39.00   206.56   1.69   214.87   1.61
M     41.00   200.92   1.82   204.25   1.41
M     43.05   192.19   0.94   196.22   1.71
M     45.20   186.78   1.13   193.26   1.25
M     47.46   181.50   1.03   186.08   1.03
M     49.84   176.54   0.89   181.39   0.85
M     52.33   171.01   1.15   172.87   1.02
M     54.94   165.76   0.92   169.86   1.12
M     57.69   160.15   1.06   165.50   0.83
M     60.58   154.81   0.78   159.60   0.87
M     63.60   151.25   0.69   153.05   0.79
M     66.78   144.83   0.99   147.58   0.62
M     70.12   142.40   1.08   141.99   0.77
M     73.63   136.82   0.71   137.05   0.70
M     77.31   131.86   0.73   132.35   0.71
M     81.18   127.35   0.62   128.30   0.64
M     85.24   124.76   0.49   123.40   0.57
M     89.50   120.36   0.55   119.52   0.54
M     93.97   118.03   0.45   116.13   0.48
M     98.67   113.96   0.44   113.37   0.19
M    103.60   112.51   0.42   111.56   0.06
M    108.79   109.81   0.39   109.81   0.05
M    114.22   108.21   0.38   108.14   0.04
M    119.94   106.27   0.31   106.74   0.05
M    125.93   105.63   0.38   105.11   0.24
M    132.23   103.52   0.37   103.78   0.25
M    138.84   102.76   0.34   102.98   0.30
M    145.78   101.84   0.32   101.68   0.35
M    153.07   101.73   0.31   101.58   0.33
M    160.73   101.30   0.28   101.18   0.33
M    168.76   100.55   0.27   100.23   0.31
M    177.20   100.90   0.23   100.60   0.29
M    186.06   100.09   0.23   100.20   0.28
M    195.36   100.93   0.24    99.51   0.28
M    205.13    99.98   0.23    99.93   0.26
M    215.39    99.63   0.22    99.46   0.25
M    226.16   100.06   0.21    99.90   0.23
M    237.46   100.08   0.20    99.86   0.21
M    249.34    99.77   0.16    99.87   0.22
M    261.80    99.74   0.15    99.74   0.18
