###  1237667323797110932 0.186 30.0 99.818298
# method  r_pixel  i1_cts i1_cts_err i2_cts i2_cts_err
I      3.00   778.77   2.79  1534.72   5.79
I      5.00   598.17   2.88  1339.94  10.77
I      7.00   499.72   0.93   973.32  16.99
I      9.00   413.86   2.83   759.09  11.66
M     11.00   346.23   4.78   587.61  11.19
M     13.00   312.91   3.08   467.91  10.43
M     15.00   278.09   3.34   400.99   6.38
M     17.00   256.70   2.15   345.09   5.13
M     19.00   243.79   1.74   302.86   3.13
M     21.00   232.75   1.99   275.15   2.23
M     23.00   225.77   1.98   253.15   1.94
M     25.00   218.19   2.29   234.13   1.90
M     27.00   214.39   1.63   216.00   3.41
M     29.00   205.06   1.75   207.07   2.12
M     31.00   191.92   1.41   193.60   2.29
M     33.00   184.58   1.79   180.33   1.72
M     35.00   165.93   1.10   170.75   1.22
M     37.00   156.14   0.70   161.72   1.14
M     39.00   146.92   0.47   152.49   1.39
M     41.00   139.75   0.39   142.70   1.44
M     43.05   133.50   0.44   137.13   1.46
M     45.20   127.02   0.25   130.96   1.06
M     47.46   122.98   0.23   127.27   1.08
M     49.84   119.92   0.12   119.02   1.03
M     52.33   117.54   0.11   119.12   0.53
M     54.94   115.71   0.09   117.47   0.24
M     57.69   113.81   0.09   115.34   0.14
M     60.58   112.01   0.08   113.24   0.11
M     63.60   109.91   0.08   111.34   0.11
M     66.78   108.06   0.06   109.39   0.10
M     70.12   106.84   0.04   107.68   0.06
M     73.63   105.81   0.03   106.44   0.05
M     77.31   104.98   0.03   105.48   0.04
M     81.18   104.25   0.03   104.71   0.05
M     85.24   103.47   0.02   103.93   0.12
M     89.50   102.77   0.02   103.09   0.14
M     93.97   102.41   0.01   102.61   0.24
M     98.67   102.04   0.02   102.23   0.29
M    103.60   101.40   0.02   101.67   0.32
M    108.79   100.96   0.00   101.15   0.23
M    114.22   101.07   0.00   101.00   0.18
M    119.94   101.10   0.01   101.12   0.22
M    125.93   100.60   0.01   100.83   0.27
M    132.23   100.21   0.00   100.32   0.34
M    138.84   100.21   0.00   100.21   0.36
M    145.78   100.20   0.00   100.66   0.34
M    153.07   100.18   0.00   100.23   0.35
M    160.73   100.16   0.00   100.48   0.33
M    168.76   100.11   0.23   100.15   0.33
M    177.20   100.07   0.26    99.74   0.30
M    186.06    99.93   0.28    99.96   0.29
M    195.36    99.86   0.24   100.30   0.26
M    205.13    99.91   0.24    99.89   0.24
M    215.39    99.93   0.24    99.58   0.26
M    226.16    99.89   0.22    99.88   0.23
M    237.46    99.84   0.19    99.85   0.22
M    249.34    99.78   0.15    99.59   0.21
M    261.80    99.74   0.17    99.35   0.22
