###  1237667444585726015 0.1861 30.0 99.614876
# method  r_pixel  i1_cts i1_cts_err i2_cts i2_cts_err
I      3.00  1611.06   5.15  1526.25  58.64
I      5.00   854.07   5.70   794.29  25.24
I      7.00   533.99   5.45   505.31  13.30
I      9.00   390.59   3.32   381.53   6.02
M     11.00   317.35   6.38   307.17   8.54
M     13.00   261.18   4.76   253.25   6.08
M     15.00   222.27   2.85   223.16   3.92
M     17.00   204.70   1.00   204.72   2.01
M     19.00   190.24   2.25   189.30   2.59
M     21.00   172.71   3.02   177.44   1.82
M     23.00   167.60   1.13   167.78   1.38
M     25.00   159.95   1.68   158.84   2.04
M     27.00   157.17   1.68   153.36   1.40
M     29.00   152.54   1.38   149.37   1.93
M     31.00   149.49   1.54   143.81   1.53
M     33.00   144.71   1.46   141.05   1.40
M     35.00   138.95   1.06   139.69   1.36
M     37.00   133.32   2.04   134.53   1.10
M     39.00   133.18   1.72   134.82   1.17
M     41.00   130.70   1.39   132.27   1.44
M     43.05   125.50   1.34   130.54   1.06
M     45.20   126.72   1.26   129.06   1.05
M     47.46   127.61   1.22   124.32   0.98
M     49.84   121.80   1.00   122.92   0.91
M     52.33   123.32   1.07   118.78   1.21
M     54.94   121.55   0.82   117.64   0.78
M     57.69   120.01   1.08   117.11   0.90
M     60.58   119.33   0.86   118.58   0.76
M     63.60   116.34   0.57   118.18   0.83
M     66.78   115.39   0.29   118.50   1.20
M     70.12   114.09   0.24   115.88   0.80
M     73.63   112.84   0.48   112.10   0.38
M     77.31   111.87   0.60   110.86   0.20
M     81.18   110.48   0.53   109.71   0.04
M     85.24   108.96   0.46   108.80   0.03
M     89.50   108.17   0.15   107.95   0.02
M     93.97   107.58   0.29   107.22   0.03
M     98.67   105.94   0.43   105.74   0.34
M    103.60   104.77   0.42   104.03   0.37
M    108.79   103.68   0.32   103.27   0.42
M    114.22   103.30   0.35   102.14   0.37
M    119.94   102.90   0.34   101.86   0.35
M    125.93   102.57   0.39   101.66   0.31
M    132.23   101.96   0.41   100.71   0.36
M    138.84   101.51   0.36   100.63   0.34
M    145.78   101.43   0.29    99.40   0.30
M    153.07   101.07   0.28    99.96   0.33
M    160.73   101.09   0.30    99.91   0.31
M    168.76   101.32   0.28    99.04   0.27
M    177.20   100.57   0.26    98.43   0.28
M    186.06   101.00   0.24    99.33   0.27
M    195.36    99.97   0.23    98.38   0.23
M    205.13   100.44   0.21    98.65   0.24
M    215.39   100.46   0.20    99.29   0.22
M    226.16    99.89   0.19    99.78   0.19
M    237.46    99.71   0.18    99.60   0.16
M    249.34   100.26   0.17    99.51   0.14
M    261.80    99.94   0.16    99.62   0.14
