###  1237667444585595001 0.186 30.0 99.334641
# method  r_pixel  i1_cts i1_cts_err i2_cts i2_cts_err
I      3.00  6150.15 137.67  4683.18  71.49
I      5.00  3903.98 101.90  3180.92  50.22
I      7.00  2785.55  64.79  2354.82  40.37
I      9.00  2062.69  46.01  1800.18  28.00
M     11.00  1630.26  34.88  1500.52  34.68
M     13.00  1318.13  35.36  1235.01  26.44
M     15.00  1128.77  20.37  1069.24  17.53
M     17.00   983.01  14.67   932.56  13.49
M     19.00   861.32  12.01   839.18   8.15
M     21.00   786.34  12.64   754.06   6.13
M     23.00   708.13   9.69   698.18   3.91
M     25.00   664.46   8.80   644.25   3.41
M     27.00   607.52   7.47   613.23   3.36
M     29.00   573.15   9.71   576.09   4.03
M     31.00   540.34   7.85   529.76   3.93
M     33.00   504.17   8.71   504.43   3.32
M     35.00   468.43   7.49   470.87   3.17
M     37.00   440.77   7.78   430.99   2.90
M     39.00   407.18   6.10   403.13   2.15
M     41.00   378.80   4.56   376.57   1.82
M     43.05   359.00   3.83   353.79   1.41
M     45.20   340.03   2.88   337.80   1.62
M     47.46   322.76   2.02   324.47   1.41
M     49.84   311.61   1.53   307.19   1.68
M     52.33   296.84   1.62   290.11   1.70
M     54.94   283.40   1.73   277.45   1.30
M     57.69   266.40   1.62   264.50   1.20
M     60.58   254.15   1.48   253.32   1.06
M     63.60   239.43   1.40   237.67   0.96
M     66.78   229.99   1.26   223.57   0.82
M     70.12   215.85   1.01   213.88   0.93
M     73.63   203.72   0.86   207.86   1.05
M     77.31   194.48   1.01   199.74   1.13
M     81.18   184.62   0.88   188.11   0.91
M     85.24   174.22   0.80   177.28   0.70
M     89.50   164.55   0.76   167.90   0.73
M     93.97   154.80   0.66   158.26   0.77
M     98.67   146.41   0.59   150.61   0.62
M    103.60   139.62   0.52   142.20   0.56
M    108.79   135.24   0.53   135.34   0.57
M    114.22   131.15   0.50   129.58   0.54
M    119.94   126.99   0.43   125.66   0.45
M    125.93   123.29   0.42   122.08   0.26
M    132.23   121.39   0.40   118.97   0.20
M    138.84   119.08   0.42   115.98   0.08
M    145.78   115.28   0.32   113.35   0.06
M    153.07   111.31   0.25   111.29   0.17
M    160.73   109.16   0.27   109.29   0.21
M    168.76   107.75   0.33   107.74   0.28
M    177.20   105.41   0.26   107.54   0.33
M    186.06   104.36   0.10   105.84   0.29
M    195.36   103.12   0.04   103.27   0.18
M    205.13   102.18   0.04   102.32   0.15
M    215.39   101.32   0.01   101.52   0.18
M    226.16   100.92   0.01   102.50   0.23
M    237.46   100.56   0.01   101.43   0.21
M    249.34   100.18   0.01   100.20   0.12
M    261.80    99.83   0.00    99.84   0.04
