###  1237667253482553389 0.186 30.0 99.724754
# method  r_pixel  i1_cts i1_cts_err i2_cts i2_cts_err
I      3.00  3100.60  33.54  3859.88  52.00
I      5.00  1672.20  27.92  2065.35  26.39
I      7.00  1072.87  22.30  1276.68   3.99
I      9.00   741.84  17.47   875.04   6.75
M     11.00   558.31  17.71   592.96  21.07
M     13.00   437.81  14.91   470.93  13.57
M     15.00   334.47   9.73   368.35  11.19
M     17.00   297.40   6.72   316.56   7.75
M     19.00   273.36   3.84   285.72   3.58
M     21.00   251.29   3.84   254.89   2.84
M     23.00   233.23   2.43   237.70   2.65
M     25.00   214.21   2.11   221.61   1.33
M     27.00   207.30   1.81   211.42   1.89
M     29.00   191.69   2.02   202.77   1.58
M     31.00   185.14   1.85   199.73   1.37
M     33.00   182.92   1.33   188.46   1.42
M     35.00   174.31   2.22   179.23   1.43
M     37.00   170.01   1.53   176.08   1.49
M     39.00   167.68   1.73   169.18   1.65
M     41.00   160.82   1.57   165.56   1.27
M     43.05   156.25   1.21   157.35   1.33
M     45.20   150.98   1.25   153.18   1.39
M     47.46   149.14   1.53   148.77   1.28
M     49.84   143.68   0.80   145.07   1.05
M     52.33   138.94   0.96   140.69   1.26
M     54.94   132.12   0.98   138.04   1.05
M     57.69   131.80   0.92   133.51   0.94
M     60.58   128.71   0.91   131.11   0.93
M     63.60   125.09   1.00   128.40   1.08
M     66.78   125.11   0.73   123.45   0.83
M     70.12   122.73   0.87   120.73   0.81
M     73.63   119.76   0.74   119.84   0.70
M     77.31   116.30   0.79   117.08   0.72
M     81.18   114.69   0.61   114.99   0.52
M     85.24   112.50   0.53   112.67   0.45
M     89.50   110.35   0.50   110.51   0.42
M     93.97   107.69   0.46   107.49   0.30
M     98.67   106.44   0.46   105.91   0.40
M    103.60   104.95   0.50   105.11   0.42
M    108.79   103.83   0.43   103.32   0.49
M    114.22   103.08   0.42   101.78   0.45
M    119.94   102.11   0.44   101.98   0.40
M    125.93   101.24   0.45   101.33   0.42
M    132.23   100.06   0.40   101.10   0.39
M    138.84   100.93   0.37   100.86   0.31
M    145.78   100.00   0.34   100.69   0.26
M    153.07   100.57   0.34   100.16   0.31
M    160.73    99.57   0.31    99.92   0.32
M    168.76    99.88   0.30    99.88   0.29
M    177.20    99.87   0.19    99.85   0.25
M    186.06    99.84   0.17    99.84   0.29
M    195.36    99.81   0.19    98.96   0.27
M    205.13    99.79   0.18    99.79   0.26
M    215.39    99.76   0.17    99.75   0.24
M    226.16    99.71   0.18    99.71   0.20
M    237.46    99.81   0.18    99.66   0.22
M    249.34   100.02   0.17    99.29   0.22
M    261.80    99.60   0.17    99.66   0.20
