###  1237665440979157097 0.186 30.0 99.815933
# method  r_pixel  i1_cts i1_cts_err i2_cts i2_cts_err
I      3.00  3156.14  20.09  6430.14  46.15
I      5.00  1757.84  23.69  3367.41  22.47
I      7.00  1162.96  16.49  1901.28   4.44
I      9.00   843.24   7.72  1228.77  12.20
M     11.00   701.28  12.76   921.59  24.16
M     13.00   574.68   9.44   706.31  13.46
M     15.00   502.16   7.10   582.07   8.03
M     17.00   442.95   4.59   497.64   5.26
M     19.00   393.96   4.45   440.11   5.14
M     21.00   354.72   2.74   389.69   4.57
M     23.00   321.14   3.17   343.30   3.98
M     25.00   296.61   1.80   316.40   2.61
M     27.00   271.50   2.77   291.98   2.13
M     29.00   256.59   2.11   268.80   2.09
M     31.00   236.45   1.62   249.80   1.61
M     33.00   220.62   1.61   231.99   1.69
M     35.00   207.87   1.76   215.41   1.91
M     37.00   195.25   1.46   204.08   1.44
M     39.00   182.83   1.26   190.34   1.70
M     41.00   169.99   1.14   180.15   1.20
M     43.05   159.06   1.02   167.97   1.37
M     45.20   151.09   0.91   158.40   1.40
M     47.46   142.82   0.97   150.06   0.98
M     49.84   134.92   1.08   139.00   1.01
M     52.33   130.95   1.06   133.99   0.87
M     54.94   127.06   0.62   128.40   0.74
M     57.69   120.76   0.76   125.36   0.91
M     60.58   119.46   0.86   120.29   0.69
M     63.60   115.42   0.79   117.46   0.66
M     66.78   111.27   0.59   112.73   0.78
M     70.12   110.36   0.68   113.09   0.55
M     73.63   108.51   0.40   110.61   0.67
M     77.31   106.94   0.37   109.78   0.60
M     81.18   106.11   0.50   106.22   0.54
M     85.24   104.46   0.45   105.98   0.46
M     89.50   104.55   0.45   104.64   0.52
M     93.97   103.63   0.51   103.32   0.49
M     98.67   102.35   0.44   103.64   0.52
M    103.60   101.87   0.42   102.92   0.44
M    108.79   102.17   0.38   103.41   0.40
M    114.22   100.76   0.36   101.83   0.44
M    119.94   100.86   0.37   102.05   0.37
M    125.93   100.62   0.38   101.75   0.35
M    132.23   100.74   0.33   100.73   0.33
M    138.84   100.32   0.32   100.51   0.30
M    145.78    99.98   0.31   100.37   0.28
M    153.07   100.45   0.28   100.26   0.29
M    160.73    99.70   0.30   100.08   0.30
M    168.76    99.99   0.29    99.73   0.27
M    177.20    99.95   0.24    99.89   0.27
M    186.06    99.98   0.25   100.00   0.26
M    195.36    99.50   0.22    99.90   0.22
M    205.13    99.90   0.20    99.89   0.21
M    215.39    99.94   0.18    99.92   0.21
M    226.16    99.91   0.17    99.63   0.19
M    237.46    99.88   0.16    99.96   0.20
M    249.34    99.91   0.16   100.07   0.18
M    261.80    99.91   0.17    99.88   0.18
