###  1237667323260370980 0.186 30.0 100.03866
# method  r_pixel  i1_cts i1_cts_err i2_cts i2_cts_err
I      3.00  7238.88 332.55  2595.32  97.81
I      5.00  4379.99 247.31  1690.62  62.25
I      7.00  2836.19 159.92  1333.95  31.65
I      9.00  2084.75 114.81  1189.82  14.09
M     11.00  1652.91  98.49  1084.87  16.95
M     13.00  1380.20  63.50   959.17  12.69
M     15.00  1200.87  42.97   869.72  17.30
M     17.00  1025.94  34.47   802.62   9.73
M     19.00   862.76  25.00   716.69  10.01
M     21.00   767.70  23.26   690.95   8.38
M     23.00   704.49  12.10   659.92   7.39
M     25.00   646.57  10.76   609.11   7.81
M     27.00   606.72   4.78   582.11   4.09
M     29.00   579.55   3.62   559.55   2.91
M     31.00   553.75   5.06   543.74   3.12
M     33.00   534.14   3.79   504.91   3.10
M     35.00   515.82   3.63   492.82   3.44
M     37.00   500.56   4.77   475.37   2.83
M     39.00   471.56   5.75   459.38   3.75
M     41.00   448.30   6.79   444.46   3.88
M     43.05   429.79   5.83   425.48   4.13
M     45.20   408.70   5.41   404.41   3.24
M     47.46   381.52   3.75   382.79   1.91
M     49.84   373.16   3.15   365.77   1.49
M     52.33   360.99   2.19   351.94   1.51
M     54.94   344.68   1.38   335.57   1.14
M     57.69   328.06   1.32   323.52   1.20
M     60.58   319.66   1.71   312.77   1.13
M     63.60   308.45   1.34   306.01   0.93
M     66.78   295.64   1.04   293.06   0.92
M     70.12   280.19   0.82   274.18   0.90
M     73.63   263.17   0.91   254.13   0.80
M     77.31   246.15   0.81   242.95   0.75
M     81.18   231.03   0.72   230.86   0.70
M     85.24   219.32   0.61   217.09   0.70
M     89.50   203.35   0.62   203.79   0.64
M     93.97   191.98   0.51   192.88   0.47
M     98.67   181.74   0.45   185.95   0.46
M    103.60   173.71   0.46   178.74   0.42
M    108.79   168.22   0.38   171.27   0.41
M    114.22   161.23   0.38   161.68   0.45
M    119.94   154.07   0.36   152.22   0.37
M    125.93   146.52   0.30   144.99   0.35
M    132.23   140.59   0.31   138.67   0.31
M    138.84   135.09   0.26   133.72   0.29
M    145.78   130.28   0.26   130.20   0.29
M    153.07   124.38   0.26   125.81   0.32
M    160.73   120.95   0.20   122.70   0.38
M    168.76   118.20   0.14   119.04   0.38
M    177.20   115.54   0.13   116.08   0.23
M    186.06   112.97   0.17   113.50   0.19
M    195.36   110.03   0.19   110.78   0.09
M    205.13   108.02   0.18   109.07   0.09
M    215.39   105.94   0.17   107.67   0.10
M    226.16   104.27   0.15   106.51   0.11
M    237.46   104.14   0.14   104.62   0.15
M    249.34   103.70   0.13   104.43   0.13
M    261.80   102.20   0.14   103.73   0.10
