###  1237665440442351734 0.186 30.0 99.806969
# method  r_pixel  i1_cts i1_cts_err i2_cts i2_cts_err
I      3.00   662.26   2.84  1184.82   4.47
I      5.00   483.07   1.38   727.34   4.04
I      7.00   376.21   1.04   501.41   2.33
I      9.00   308.05   1.40   390.36   1.46
M     11.00   263.14   6.04   313.89   5.15
M     13.00   232.10   3.68   269.41   4.75
M     15.00   210.28   3.35   234.92   3.90
M     17.00   195.34   1.99   213.26   3.32
M     19.00   186.81   1.96   196.16   1.62
M     21.00   181.51   1.51   188.17   1.96
M     23.00   182.71   1.74   182.82   2.30
M     25.00   184.46   1.60   182.44   1.18
M     27.00   183.22   1.19   176.92   1.62
M     29.00   185.65   1.34   182.02   1.05
M     31.00   188.69   0.91   180.64   1.44
M     33.00   185.17   1.27   188.16   1.52
M     35.00   185.08   1.73   181.75   1.21
M     37.00   181.87   1.16   183.26   0.70
M     39.00   177.60   1.18   182.30   0.93
M     41.00   175.84   0.88   178.25   1.06
M     43.05   170.00   1.12   171.75   1.16
M     45.20   163.07   0.93   169.65   0.87
M     47.46   156.68   0.99   162.85   0.81
M     49.84   148.49   0.96   154.73   0.83
M     52.33   141.45   0.94   145.62   0.86
M     54.94   132.10   1.02   138.73   0.82
M     57.69   125.17   0.85   130.39   0.74
M     60.58   122.91   0.78   125.08   0.60
M     63.60   118.13   0.55   119.98   0.62
M     66.78   115.12   0.64   117.02   0.66
M     70.12   111.00   0.62   115.05   0.60
M     73.63   110.63   0.53   111.73   0.50
M     77.31   108.87   0.55   109.67   0.48
M     81.18   106.96   0.49   107.95   0.47
M     85.24   105.70   0.44   106.16   0.50
M     89.50   105.39   0.41   105.02   0.53
M     93.97   103.70   0.37   103.30   0.41
M     98.67   102.86   0.41   102.83   0.36
M    103.60   101.82   0.32   101.83   0.31
M    108.79   101.56   0.30   101.54   0.18
M    114.22   101.26   0.25   101.27   0.17
M    119.94   101.03   0.28   101.07   0.17
M    125.93   100.87   0.27   100.88   0.23
M    132.23   100.60   0.28   100.20   0.31
M    138.84   100.07   0.28    99.67   0.30
M    145.78   100.05   0.28   100.04   0.29
M    153.07    99.93   0.27    99.19   0.25
M    160.73    99.87   0.22    99.49   0.26
M    168.76    99.83   0.19    99.73   0.24
M    177.20    99.79   0.17   100.01   0.23
M    186.06    99.81   0.18    99.39   0.21
M    195.36    99.81   0.18    99.81   0.20
M    205.13    99.78   0.17    99.77   0.21
M    215.39    99.77   0.17    99.77   0.18
M    226.16    99.77   0.19    99.77   0.17
M    237.46    99.69   0.17    99.87   0.17
M    249.34    99.76   0.17    99.81   0.12
M    261.80    99.91   0.16    99.86   0.10
