###  1237667444048593084 0.186 30.0 99.673706
# method  r_pixel  i1_cts i1_cts_err i2_cts i2_cts_err
I      3.00  4713.14  14.44  6221.21  59.47
I      5.00  2806.28  14.85  3717.25  53.24
I      7.00  1655.11   3.27  2183.14  29.33
I      9.00  1042.65   3.93  1283.22  15.38
M     11.00   708.05  29.95   847.22  31.65
M     13.00   565.09  13.22   623.29  21.01
M     15.00   481.67   8.48   508.45  10.10
M     17.00   413.90   4.59   439.55   4.49
M     19.00   375.20   3.06   386.04   2.60
M     21.00   342.54   2.82   353.34   4.18
M     23.00   322.87   2.86   335.10   2.43
M     25.00   295.96   2.16   310.64   2.73
M     27.00   280.91   2.67   292.19   1.84
M     29.00   267.22   2.24   279.73   2.17
M     31.00   252.37   1.74   265.22   2.04
M     33.00   241.37   2.03   253.88   2.05
M     35.00   222.99   1.63   237.00   1.28
M     37.00   206.40   1.31   222.20   1.62
M     39.00   194.49   1.65   210.07   1.43
M     41.00   180.53   1.49   201.40   1.56
M     43.05   170.59   1.01   189.78   2.08
M     45.20   159.12   1.48   179.37   2.33
M     47.46   152.26   1.11   174.70   2.11
M     49.84   141.74   1.05   169.33   2.76
M     52.33   137.54   1.01   161.59   2.03
M     54.94   130.63   0.89   151.05   1.69
M     57.69   125.65   1.06   141.01   1.41
M     60.58   120.87   0.81   132.95   1.08
M     63.60   118.03   0.87   125.62   0.92
M     66.78   115.64   0.79   118.52   0.61
M     70.12   112.12   0.71   114.10   0.22
M     73.63   111.21   0.77   110.79   0.14
M     77.31   106.63   0.70   108.76   0.08
M     81.18   105.09   0.70   106.78   0.07
M     85.24   104.17   0.52   105.44   0.04
M     89.50   104.71   0.60   104.41   0.04
M     93.97   102.95   0.52   103.43   0.03
M     98.67   102.19   0.53   102.63   0.14
M    103.60   102.00   0.49   102.00   0.22
M    108.79   102.23   0.48   101.44   0.33
M    114.22   100.90   0.41   101.11   0.44
M    119.94   100.58   0.25   101.36   0.43
M    125.93   100.33   0.26    99.95   0.43
M    132.23   100.17   0.21   100.49   0.40
M    138.84   100.09   0.25   100.40   0.35
M    145.78   100.05   0.27   100.23   0.33
M    153.07    99.91   0.32   100.00   0.31
M    160.73    99.97   0.30    99.85   0.30
M    168.76   100.60   0.31    99.91   0.26
M    177.20   100.56   0.28    99.71   0.24
M    186.06   100.19   0.28    99.75   0.24
M    195.36   100.74   0.26    99.77   0.23
M    205.13   100.25   0.24    99.71   0.23
M    215.39   100.12   0.24    99.70   0.24
M    226.16    99.67   0.22    99.65   0.21
M    237.46    99.89   0.20    99.66   0.18
M    249.34    99.67   0.20    99.66   0.18
M    261.80    99.67   0.19    99.67   0.19
