###  1237667444585136268 0.1859 30.0 99.761635
# method  r_pixel  i1_cts i1_cts_err i2_cts i2_cts_err
I      3.00   357.75   1.00   381.40   1.34
I      5.00   298.15   1.71   315.75   4.34
I      7.00   259.62   1.45   274.20   3.10
I      9.00   226.53   2.28   246.39   3.02
M     11.00   207.93   1.65   222.14   4.86
M     13.00   188.77   1.56   196.87   2.22
M     15.00   186.93   2.40   183.38   1.96
M     17.00   173.13   0.71   175.32   1.82
M     19.00   169.17   1.57   167.70   1.27
M     21.00   162.33   0.88   160.66   1.65
M     23.00   152.55   2.26   155.09   1.26
M     25.00   151.31   1.35   151.91   1.14
M     27.00   145.51   2.05   148.27   1.34
M     29.00   141.62   1.18   141.38   1.39
M     31.00   139.56   1.28   140.55   0.98
M     33.00   137.18   0.87   137.24   1.40
M     35.00   133.56   0.82   134.27   1.05
M     37.00   134.53   0.98   135.46   1.50
M     39.00   131.47   1.10   132.33   0.95
M     41.00   128.80   1.17   131.82   1.08
M     43.05   128.47   0.98   129.75   0.82
M     45.20   126.03   0.93   125.06   0.86
M     47.46   122.26   0.92   124.22   0.88
M     49.84   119.93   0.61   120.50   0.68
M     52.33   116.88   0.62   118.53   0.82
M     54.94   117.37   0.67   115.92   0.77
M     57.69   115.82   0.74   115.18   0.78
M     60.58   114.75   0.68   114.03   0.56
M     63.60   114.02   0.60   112.40   0.62
M     66.78   110.90   0.59   110.60   0.60
M     70.12   107.93   0.44   108.23   0.59
M     73.63   107.10   0.15   106.50   0.54
M     77.31   106.35   0.05   105.06   0.57
M     81.18   105.17   0.10   105.44   0.52
M     85.24   103.74   0.11   103.53   0.44
M     89.50   102.57   0.08   102.90   0.49
M     93.97   102.36   0.13   103.36   0.47
M     98.67   102.15   0.10   103.70   0.52
M    103.60   101.96   0.06   102.05   0.42
M    108.79   101.36   0.06   101.31   0.39
M    114.22   100.90   0.02   100.48   0.38
M    119.94   100.73   0.01   100.67   0.36
M    125.93   100.37   0.01   101.19   0.32
M    132.23    99.97   0.01    99.96   0.32
M    138.84    99.83   0.00   100.20   0.33
M    145.78    99.77   0.00   100.53   0.30
M    153.07    99.70   0.02    99.41   0.29
M    160.73    99.65   0.19    99.53   0.28
M    168.76    99.63   0.22    99.52   0.26
M    177.20    99.73   0.23    99.78   0.24
M    186.06    99.78   0.22    99.77   0.21
M    195.36    99.75   0.23   100.43   0.21
M    205.13    99.60   0.19   100.13   0.22
M    215.39    99.57   0.19    99.73   0.18
M    226.16    99.37   0.19    99.76   0.19
M    237.46    99.76   0.16   100.30   0.19
M    249.34    99.81   0.10    99.97   0.17
M    261.80    99.85   0.03    99.85   0.16
