###  1237667324334571534 0.186 30.0 99.068512
# method  r_pixel  i1_cts i1_cts_err i2_cts i2_cts_err
I      3.00  9010.64  70.37 10245.54  94.19
I      5.00  7015.29  32.83  7717.17  54.99
I      7.00  5667.13  17.36  6270.04  31.29
I      9.00  4431.74  17.31  4978.80  14.73
I     11.00  3404.02  22.08  3813.33  21.91
M     13.00  2675.04  63.08  3060.89  58.46
M     15.00  2180.93  53.33  2393.27  61.67
M     17.00  1800.32  34.48  1949.00  52.02
M     19.00  1518.03  24.23  1655.57  28.23
M     21.00  1306.82  16.42  1395.05  20.00
M     23.00  1129.27  14.96  1204.67  14.12
M     25.00  1019.79  10.95  1070.35   9.68
M     27.00   907.03   9.31   950.63  10.31
M     29.00   814.54   6.82   849.79   8.01
M     31.00   740.26   5.06   766.47   6.85
M     33.00   673.67   5.42   702.46   5.77
M     35.00   616.98   5.29   653.05   5.00
M     37.00   564.58   3.10   585.55   3.72
M     39.00   515.61   3.52   545.51   2.78
M     41.00   477.66   2.96   498.50   2.82
M     43.05   448.87   2.12   463.20   2.62
M     45.20   415.16   1.99   426.93   2.21
M     47.46   389.63   2.44   392.92   2.09
M     49.84   362.75   2.24   368.18   2.16
M     52.33   341.01   3.05   339.70   1.81
M     54.94   324.42   2.60   317.24   1.80
M     57.69   298.23   1.96   294.41   1.35
M     60.58   278.97   1.87   276.51   1.28
M     63.60   261.33   1.54   259.77   1.18
M     66.78   242.99   1.21   245.18   1.07
M     70.12   230.24   1.22   233.11   1.09
M     73.63   214.54   1.09   219.01   0.83
M     77.31   207.45   0.87   208.32   0.86
M     81.18   194.77   0.80   198.72   0.68
M     85.24   186.86   0.74   188.33   0.75
M     89.50   176.86   0.61   179.90   0.72
M     93.97   166.41   0.61   171.32   0.62
M     98.67   160.26   0.64   163.07   0.60
M    103.60   152.13   0.55   155.14   0.63
M    108.79   144.37   0.53   147.95   0.53
M    114.22   138.11   0.46   140.96   0.52
M    119.94   132.04   0.49   134.35   0.50
M    125.93   127.32   0.31   130.61   0.39
M    132.23   123.63   0.21   126.25   0.33
M    138.84   120.39   0.09   122.26   0.21
M    145.78   117.59   0.07   119.10   0.06
M    153.07   114.48   0.07   116.34   0.07
M    160.73   111.60   0.06   112.98   0.17
M    168.76   109.39   0.04   110.50   0.30
M    177.20   107.70   0.03   107.87   0.31
M    186.06   106.29   0.02   106.35   0.30
M    195.36   104.98   0.02   105.48   0.25
M    205.13   103.81   0.02   104.29   0.22
M    215.39   102.75   0.02   103.10   0.20
M    226.16   101.82   0.05   102.03   0.20
M    237.46   101.05   0.12   101.18   0.22
M    249.34   100.69   0.16   100.36   0.22
M    261.80   100.47   0.19   100.24   0.22
