###  1237665440979484734 0.186 30.0 99.807434
# method  r_pixel  i1_cts i1_cts_err i2_cts i2_cts_err
I      3.00  2694.26  51.63  3420.86  74.25
I      5.00  1685.38  35.13  2044.33  41.39
I      7.00  1117.05  22.98  1358.81  18.89
I      9.00   796.21  16.25   943.75  14.99
M     11.00   609.58  18.56   673.04  24.97
M     13.00   477.77  10.01   531.07  14.65
M     15.00   432.09   7.54   443.16   8.54
M     17.00   376.41   3.00   392.55   5.00
M     19.00   345.55   6.40   354.34   3.59
M     21.00   329.15   6.86   335.02   3.95
M     23.00   291.96   4.78   302.95   2.54
M     25.00   281.19   4.94   283.86   2.59
M     27.00   260.88   3.56   265.21   2.70
M     29.00   238.77   4.25   247.32   2.32
M     31.00   222.28   2.88   232.85   2.57
M     33.00   211.03   3.57   218.42   2.05
M     35.00   195.35   3.50   205.89   1.74
M     37.00   186.87   2.92   197.03   1.48
M     39.00   182.89   2.63   188.10   1.05
M     41.00   176.16   1.86   177.44   1.27
M     43.05   173.16   1.72   173.37   1.28
M     45.20   166.63   1.50   169.27   1.56
M     47.46   160.08   1.09   160.29   1.12
M     49.84   154.25   1.08   156.24   1.00
M     52.33   147.25   0.73   151.18   0.85
M     54.94   140.46   0.78   143.45   0.74
M     57.69   134.71   0.97   136.61   0.85
M     60.58   129.99   0.85   128.54   0.98
M     63.60   124.68   0.86   124.61   0.81
M     66.78   120.95   0.74   118.36   0.68
M     70.12   118.69   0.65   117.38   0.63
M     73.63   116.08   0.66   113.83   0.62
M     77.31   114.52   0.55   114.13   0.61
M     81.18   112.23   0.68   111.76   0.54
M     85.24   111.83   0.58   109.16   0.50
M     89.50   108.67   0.34   108.38   0.41
M     93.97   107.02   0.12   106.27   0.27
M     98.67   105.77   0.40   105.27   0.39
M    103.60   104.23   0.31   104.71   0.42
M    108.79   102.99   0.42   103.05   0.46
M    114.22   103.05   0.41   102.43   0.42
M    119.94   101.59   0.41   102.35   0.39
M    125.93   101.42   0.41   102.05   0.38
M    132.23   100.91   0.34   101.97   0.35
M    138.84   101.10   0.31   101.10   0.33
M    145.78   101.07   0.33   100.18   0.34
M    153.07   100.45   0.33   100.53   0.31
M    160.73    99.97   0.34   101.05   0.30
M    168.76   100.32   0.29   100.26   0.28
M    177.20    99.94   0.27   100.49   0.27
M    186.06    99.94   0.26   100.10   0.23
M    195.36   100.16   0.23   100.16   0.25
M    205.13   100.04   0.23   100.07   0.22
M    215.39    99.61   0.22    99.98   0.21
M    226.16   100.19   0.21    99.90   0.20
M    237.46    99.88   0.19   100.00   0.19
M    249.34    99.89   0.18    99.90   0.18
M    261.80    99.85   0.18    99.96   0.18
