###  1237667444048658522 0.1861 30.0 97.585861
# method  r_pixel  i1_cts i1_cts_err i2_cts i2_cts_err
I      3.00  4253.40  61.47  6225.13 214.18
I      5.00  2677.69  39.34  3880.25 148.85
I      7.00  1868.37  27.29  2498.12  80.05
I      9.00  1399.47  23.78  1792.26  42.25
M     11.00  1107.44  40.84  1352.68  32.81
M     13.00   900.83  15.78  1091.04  26.48
M     15.00   758.22  13.46   900.27  19.54
M     17.00   665.77   9.45   774.16  16.18
M     19.00   575.83   9.28   675.26   9.53
M     21.00   528.49   7.22   593.60   5.45
M     23.00   482.66   6.29   527.60   4.89
M     25.00   447.90   7.45   484.35   3.54
M     27.00   418.27   6.33   453.18   3.43
M     29.00   395.77   5.10   428.30   3.03
M     31.00   376.22   4.81   403.03   2.42
M     33.00   359.11   5.61   384.37   2.82
M     35.00   346.23   5.66   371.00   2.96
M     37.00   329.76   6.53   351.99   3.24
M     39.00   323.13   6.04   340.63   4.27
M     41.00   303.11   5.44   326.29   3.48
M     43.05   284.20   5.15   309.82   2.99
M     45.20   266.28   5.39   287.32   3.32
M     47.46   254.57   4.32   269.92   1.62
M     49.84   240.79   3.90   252.46   1.71
M     52.33   231.18   3.60   235.63   1.64
M     54.94   217.80   3.02   221.82   1.29
M     57.69   210.06   2.53   208.88   1.22
M     60.58   193.16   2.14   195.47   1.24
M     63.60   179.75   1.86   181.79   0.83
M     66.78   168.28   1.28   170.94   1.03
M     70.12   156.65   1.15   158.35   1.10
M     73.63   143.82   0.99   147.01   0.84
M     77.31   137.96   0.69   142.09   0.84
M     81.18   133.79   0.79   135.35   0.74
M     85.24   131.03   0.69   130.79   0.70
M     89.50   125.37   0.68   126.43   0.60
M     93.97   119.78   0.63   122.62   0.58
M     98.67   116.39   0.54   116.69   0.58
M    103.60   110.56   0.57   113.91   0.54
M    108.79   101.90   0.38   108.77   0.46
M    114.22    99.21   0.37   104.11   0.43
M    119.94    97.73   0.35   101.16   0.45
M    125.93    97.34   0.42   101.10   0.48
M    132.23    96.81   0.41    99.84   0.41
M    138.84    97.07   0.42    98.08   0.40
M    145.78    95.74   0.41    96.76   0.38
M    153.07    95.67   0.35    96.77   0.36
M    160.73    96.64   0.30    95.92   0.33
M    168.76    96.75   0.28    96.09   0.35
M    177.20    95.78   0.32    97.39   0.35
M    186.06    94.17   0.32    97.29   0.32
M    195.36    94.90   0.32    97.43   0.28
M    205.13    95.09   0.30    97.83   0.25
M    215.39    95.16   0.27    98.13   0.25
M    226.16    95.71   0.27    98.28   0.15
M    237.46    96.41   0.24    98.58   0.03
M    249.34    97.31   0.20    98.69   0.03
M    261.80    97.40   0.19    98.64   0.07
