###  1237667442974326814 0.1859 30.0 99.589622
# method  r_pixel  i1_cts i1_cts_err i2_cts i2_cts_err
I      3.00  9512.45 371.76  4390.21  76.58
I      5.00  5513.85 193.73  2679.44  45.49
I      7.00  3274.49 101.77  1866.40  11.62
I      9.00  2048.98  58.80  1428.42   4.97
M     11.00  1506.85  48.10  1097.69  26.08
M     13.00  1196.99  41.75   904.79  22.68
M     15.00   918.57  29.54   725.69  14.72
M     17.00   756.62  20.44   605.66  10.97
M     19.00   629.88  11.61   519.46   6.90
M     21.00   530.44   8.93   467.59   5.74
M     23.00   479.82   5.13   423.77   3.11
M     25.00   419.35   8.17   392.95   3.35
M     27.00   384.51   5.49   358.89   2.42
M     29.00   356.60   3.66   327.95   2.50
M     31.00   325.98   3.92   302.60   2.37
M     33.00   301.68   3.07   285.51   2.20
M     35.00   283.28   2.98   268.01   2.15
M     37.00   264.72   1.71   253.88   1.50
M     39.00   250.93   1.93   244.74   1.78
M     41.00   241.32   1.40   238.49   1.15
M     43.05   226.71   1.79   229.15   1.34
M     45.20   219.81   1.77   227.20   1.37
M     47.46   212.79   1.26   222.62   1.10
M     49.84   203.86   1.49   217.15   1.02
M     52.33   198.34   1.28   212.35   1.10
M     54.94   188.59   1.35   210.79   1.11
M     57.69   183.82   0.99   206.89   0.84
M     60.58   179.96   0.96   203.45   1.00
M     63.60   176.82   0.88   195.67   0.81
M     66.78   173.77   0.89   193.46   0.75
M     70.12   170.31   0.79   187.79   0.77
M     73.63   166.62   0.73   182.69   0.74
M     77.31   163.19   0.68   178.07   0.60
M     81.18   157.09   0.79   173.80   0.66
M     85.24   153.84   0.72   168.73   0.70
M     89.50   151.16   0.63   160.22   0.52
M     93.97   143.23   0.73   153.60   0.56
M     98.67   137.74   0.64   144.95   0.55
M    103.60   129.65   0.59   136.74   0.43
M    108.79   124.11   0.48   129.95   0.44
M    114.22   119.51   0.50   123.07   0.42
M    119.94   115.27   0.35   118.30   0.39
M    125.93   111.44   0.40   113.80   0.36
M    132.23   106.28   0.42   111.01   0.30
M    138.84   103.38   0.41   108.27   0.25
M    145.78   103.07   0.37   106.52   0.18
M    153.07   104.66   0.31   105.61   0.21
M    160.73   103.84   0.20   104.72   0.20
M    168.76   102.91   0.08   103.75   0.22
M    177.20   102.24   0.01   103.09   0.22
M    186.06   101.62   0.01   102.08   0.21
M    195.36   101.06   0.01   101.70   0.19
M    205.13   100.61   0.00   100.87   0.18
M    215.39   100.42   0.00   100.47   0.15
