###  1237665440979353636 0.186 30.0 99.965408
# method  r_pixel  i1_cts i1_cts_err i2_cts i2_cts_err
I      3.00  2323.60  15.98  3132.75  71.79
I      5.00  1531.57  15.24  1957.65  31.02
I      7.00  1052.24  16.15  1284.28  24.08
I      9.00   763.15   8.18   906.93  19.70
M     11.00   619.64  16.71   681.96  21.73
M     13.00   517.53   9.66   574.68  12.22
M     15.00   438.26   6.55   473.55   9.10
M     17.00   369.99   5.63   395.21   6.11
M     19.00   337.70   2.52   356.53   6.01
M     21.00   305.62   3.34   320.90   5.61
M     23.00   275.46   2.75   290.74   2.35
M     25.00   260.70   1.94   270.23   2.36
M     27.00   242.63   2.97   257.16   2.68
M     29.00   230.93   1.68   238.59   2.94
M     31.00   219.65   2.23   227.36   1.28
M     33.00   212.59   2.05   214.51   1.18
M     35.00   196.59   1.42   203.47   0.71
M     37.00   192.28   1.84   193.89   0.62
M     39.00   184.18   1.66   184.38   0.54
M     41.00   178.31   1.79   176.94   0.36
M     43.05   169.51   1.79   171.35   0.31
M     45.20   162.33   1.76   166.39   0.27
M     47.46   153.56   1.90   159.00   0.46
M     49.84   150.53   1.60   150.88   0.42
M     52.33   144.47   1.34   147.02   0.17
M     54.94   142.92   1.16   143.79   0.17
M     57.69   139.27   1.18   139.59   0.26
M     60.58   134.08   1.16   134.57   0.20
M     63.60   128.13   1.02   130.11   0.17
M     66.78   126.47   1.06   125.98   0.16
M     70.12   121.64   0.95   122.18   0.14
M     73.63   118.76   1.01   118.80   0.14
M     77.31   116.50   0.81   115.74   0.12
M     81.18   114.17   0.56   113.01   0.12
M     85.24   111.18   0.47   110.38   0.10
M     89.50   108.38   0.47   107.96   0.08
M     93.97   105.72   0.48   105.70   0.06
M     98.67   104.21   0.53   103.71   0.04
M    103.60   104.13   0.58   103.27   0.01
M    108.79   103.03   0.58   103.07   0.01
M    114.22   102.97   0.53   102.43   0.02
M    119.94   102.10   0.45   101.90   0.21
M    125.93   101.43   0.47   101.35   0.30
M    132.23    99.56   0.46   100.75   0.34
M    138.84   100.29   0.40   100.68   0.30
M    145.78   100.66   0.39   100.68   0.30
M    153.07   100.62   0.36   100.46   0.26
M    160.73   100.14   0.35   100.27   0.29
M    168.76    99.49   0.36   100.57   0.30
M    177.20   100.17   0.29    99.93   0.28
M    186.06   100.03   0.26   100.09   0.23
M    195.36    99.88   0.24    99.86   0.19
M    205.13    99.90   0.25    99.93   0.14
M    215.39   100.04   0.26   100.07   0.20
M    226.16   100.08   0.28   100.04   0.22
M    237.46    99.91   0.24    99.78   0.21
M    249.34    99.98   0.21    99.76   0.21
M    261.80   100.56   0.23   100.54   0.18
