###  1237667443511591123 0.186 30.0 99.940376
# method  r_pixel  i1_cts i1_cts_err i2_cts i2_cts_err
I      3.00  2078.43  14.35  3247.34  20.72
I      5.00  1129.61   5.08  1621.16   4.95
I      7.00   773.88   3.19   966.34   4.27
I      9.00   590.97   2.89   712.98   3.20
M     11.00   483.28   9.92   548.30   9.31
M     13.00   424.10   9.51   458.61   9.33
M     15.00   367.81   4.57   402.08   5.46
M     17.00   341.08   4.96   361.78   4.56
M     19.00   314.39   4.67   327.09   4.46
M     21.00   287.32   4.26   298.49   4.91
M     23.00   265.29   3.82   276.84   3.57
M     25.00   254.68   3.17   263.53   3.90
M     27.00   240.41   3.28   247.19   4.18
M     29.00   230.64   3.03   240.42   3.10
M     31.00   224.44   2.06   225.84   2.06
M     33.00   218.03   2.25   222.06   2.05
M     35.00   208.14   1.86   215.27   1.82
M     37.00   199.83   1.41   206.61   1.55
M     39.00   194.13   0.94   201.33   1.48
M     41.00   183.87   1.73   193.55   1.33
M     43.05   175.68   1.40   181.97   1.33
M     45.20   166.57   1.15   173.09   1.20
M     47.46   159.42   1.00   164.13   0.96
M     49.84   148.74   0.74   153.74   0.90
M     52.33   140.94   0.75   143.63   1.01
M     54.94   133.97   0.87   135.77   1.06
M     57.69   130.20   0.74   127.77   0.66
M     60.58   123.88   0.68   125.44   0.71
M     63.60   122.74   0.67   120.31   0.62
M     66.78   118.92   0.67   118.35   0.58
M     70.12   117.36   0.61   115.07   0.61
M     73.63   115.85   0.61   116.18   0.60
M     77.31   114.02   0.55   114.82   0.61
M     81.18   112.13   0.43   112.93   0.56
M     85.24   111.20   0.26   111.23   0.17
M     89.50   111.52   0.02   111.39   0.04
M     93.97   109.90   0.11   111.53   0.05
M     98.67   107.28   0.10   109.03   0.35
M    103.60   105.68   0.06   106.10   0.38
M    108.79   104.55   0.10   103.61   0.37
M    114.22   103.45   0.23   102.90   0.34
M    119.94   102.51   0.27   101.67   0.36
M    125.93   100.18   0.33   100.66   0.32
M    132.23    99.56   0.29   100.34   0.32
M    138.84   100.08   0.28   100.32   0.30
M    145.78   100.36   0.26   100.10   0.26
M    153.07    99.78   0.24   100.50   0.22
M    160.73   100.12   0.21   100.40   0.20
M    168.76    99.72   0.22   100.30   0.23
M    177.20   100.07   0.18   100.08   0.23
M    186.06    99.92   0.19   100.00   0.17
M    195.36    99.79   0.17    99.91   0.12
M    205.13    99.85   0.16    99.89   0.12
M    215.39    99.90   0.13    99.90   0.13
M    226.16    99.90   0.11    99.90   0.14
M    237.46    99.91   0.13    99.91   0.12
M    249.34    99.76   0.13    99.92   0.13
M    261.80    99.60   0.12    99.96   0.14
