###  1237667443511328857 0.1861 30.0 99.976974
# method  r_pixel  i1_cts i1_cts_err i2_cts i2_cts_err
I      3.00   853.83  10.36   570.71  10.89
I      5.00   550.03   2.80   383.85   6.97
I      7.00   404.04   2.88   321.69   2.78
M      9.00   320.12  13.46   273.78   4.84
M     11.00   274.25   2.21   238.40   3.65
M     13.00   252.66   3.96   233.34   2.16
M     15.00   238.44   3.48   222.08   5.02
M     17.00   242.03   3.62   225.28   5.77
M     19.00   228.50   4.57   216.33   5.23
M     21.00   222.26   5.67   215.00   5.03
M     23.00   204.01   4.01   194.43   5.09
M     25.00   191.85   2.97   185.78   3.95
M     27.00   175.49   2.27   172.22   3.64
M     29.00   165.67   1.80   164.37   2.28
M     31.00   152.92   1.40   156.44   2.16
M     33.00   146.13   1.08   150.07   1.46
M     35.00   139.66   1.03   143.16   1.09
M     37.00   134.84   1.39   138.19   1.04
M     39.00   131.63   0.98   134.94   1.16
M     41.00   127.81   1.00   128.95   0.93
M     43.05   126.64   0.98   125.14   0.99
M     45.20   122.66   0.96   121.35   0.90
M     47.46   121.15   0.77   119.17   0.70
M     49.84   118.52   0.84   118.98   0.76
M     52.33   116.20   0.74   117.76   0.80
M     54.94   115.10   0.74   114.82   0.67
M     57.69   113.39   0.63   113.72   0.58
M     60.58   109.99   0.63   113.14   0.60
M     63.60   108.59   0.50   111.85   0.48
M     66.78   107.83   0.57   108.55   0.49
M     70.12   106.48   0.57   108.69   0.49
M     73.63   105.65   0.46   107.02   0.53
M     77.31   104.32   0.48   105.66   0.46
M     81.18   103.45   0.45   103.55   0.42
M     85.24   103.55   0.47   101.25   0.45
M     89.50   101.44   0.38   101.73   0.41
M     93.97   101.35   0.39   100.13   0.43
M     98.67   100.95   0.37   100.22   0.32
M    103.60   100.52   0.34   100.28   0.31
M    108.79   100.14   0.33   100.68   0.34
M    114.22   100.22   0.30    99.96   0.31
M    119.94   100.29   0.32   100.01   0.31
M    125.93   100.05   0.31   100.01   0.31
M    132.23    99.99   0.26    99.70   0.28
M    138.84   100.13   0.26   100.48   0.25
M    145.78    99.93   0.22    99.41   0.23
M    153.07    99.97   0.21    99.89   0.22
M    160.73    99.99   0.18    99.81   0.23
M    168.76    99.95   0.18    99.99   0.21
M    177.20    99.91   0.21    99.90   0.20
M    186.06   100.18   0.20   100.05   0.19
M    195.36   100.26   0.18    99.89   0.17
M    205.13    99.76   0.18   100.00   0.17
M    215.39    99.81   0.16   100.02   0.11
M    226.16   100.04   0.16   100.03   0.07
M    237.46    99.95   0.16   100.02   0.10
M    249.34   100.02   0.13   100.02   0.08
M    261.80   100.02   0.09   100.02   0.10
