###  1237667323797831800 0.186 30.0 99.678574
# method  r_pixel  i1_cts i1_cts_err i2_cts i2_cts_err
I      3.00  1073.36  16.05   789.62   7.46
I      5.00   733.95  16.19   584.95   6.87
I      7.00   512.44  11.15   447.36   2.69
I      9.00   410.01   4.01   370.67   3.49
M     11.00   335.04   7.14   325.76   2.98
M     13.00   306.89  10.27   290.57   3.46
M     15.00   267.32   7.25   257.96   4.58
M     17.00   253.04   3.59   236.36   2.18
M     19.00   228.65   3.86   223.80   2.20
M     21.00   221.58   4.78   214.54   1.78
M     23.00   213.07   2.11   204.59   2.51
M     25.00   203.17   2.81   202.40   1.76
M     27.00   196.46   1.74   192.32   1.94
M     29.00   197.22   1.75   187.37   1.89
M     31.00   191.09   2.06   186.17   2.41
M     33.00   186.19   2.38   179.34   2.53
M     35.00   183.47   1.88   177.96   2.54
M     37.00   176.69   2.71   175.71   2.40
M     39.00   172.37   2.04   172.52   3.42
M     41.00   171.82   2.30   164.90   2.85
M     43.05   163.50   2.37   161.76   2.78
M     45.20   158.03   1.72   155.36   1.97
M     47.46   148.59   1.94   148.92   1.96
M     49.84   148.32   1.98   144.29   1.37
M     52.33   141.86   1.64   143.24   1.56
M     54.94   141.05   1.47   138.58   1.47
M     57.69   138.58   1.52   137.57   1.04
M     60.58   132.83   0.99   134.37   1.19
M     63.60   130.70   1.10   130.24   0.82
M     66.78   129.11   0.83   129.95   0.80
M     70.12   126.74   0.86   126.57   0.77
M     73.63   127.94   0.97   124.88   0.88
M     77.31   123.79   0.86   122.20   0.76
M     81.18   121.47   0.80   120.48   0.67
M     85.24   120.76   0.65   119.73   0.64
M     89.50   117.66   0.63   118.00   0.71
M     93.97   115.66   0.47   116.55   0.47
M     98.67   113.50   0.42   114.55   0.35
M    103.60   112.22   0.38   112.21   0.22
M    108.79   110.62   0.35   110.44   0.22
M    114.22   108.98   0.42   109.30   0.27
M    119.94   107.50   0.47   108.13   0.36
M    125.93   105.90   0.33   106.97   0.37
M    132.23   104.63   0.42   106.48   0.41
M    138.84   104.26   0.44   105.58   0.42
M    145.78   103.93   0.43   105.81   0.40
M    153.07   103.34   0.41   104.44   0.38
M    160.73   102.54   0.37   103.35   0.36
M    168.76   101.03   0.38   101.90   0.34
M    177.20   101.85   0.32   101.06   0.26
M    186.06   100.69   0.32   100.67   0.21
M    195.36   100.51   0.29   100.54   0.20
M    205.13   100.43   0.29   100.41   0.20
M    215.39    99.95   0.27   100.21   0.21
M    226.16    99.63   0.27   100.07   0.23
M    237.46   100.54   0.25   100.12   0.22
M    249.34    99.58   0.24    99.80   0.22
M    261.80    99.73   0.22    99.66   0.20
