###  1237667444048265289 0.186 30.0 99.787933
# method  r_pixel  i1_cts i1_cts_err i2_cts i2_cts_err
I      3.00  4138.62  45.44  3159.80  44.60
I      5.00  2393.55  30.28  1872.17  25.81
I      7.00  1456.82  14.05  1193.18  26.27
I      9.00  1002.73   4.19   819.09  17.31
M     11.00   719.01  17.64   618.50  22.54
M     13.00   575.21  18.12   490.25  21.43
M     15.00   470.28  17.25   396.26  14.40
M     17.00   393.07  12.22   337.76   8.34
M     19.00   338.09   9.81   302.04   6.66
M     21.00   297.57   4.80   272.72   6.14
M     23.00   264.21   3.85   251.26   4.30
M     25.00   245.97   4.24   232.39   2.84
M     27.00   230.52   2.61   221.34   3.63
M     29.00   214.43   1.79   203.84   2.28
M     31.00   198.17   1.48   194.94   1.44
M     33.00   188.56   1.50   182.90   1.64
M     35.00   181.24   1.24   174.32   1.61
M     37.00   176.40   1.01   169.89   1.42
M     39.00   168.58   1.15   163.68   1.30
M     41.00   161.26   1.23   159.30   1.33
M     43.05   159.72   1.14   153.86   1.39
M     45.20   150.76   1.13   148.45   0.94
M     47.46   143.35   0.92   146.06   1.05
M     49.84   139.13   1.21   140.03   0.90
M     52.33   132.64   0.76   135.99   0.89
M     54.94   130.60   0.84   131.84   1.10
M     57.69   125.73   1.07   128.77   0.75
M     60.58   123.02   0.78   126.51   0.76
M     63.60   120.36   0.80   123.53   0.68
M     66.78   118.54   0.75   120.03   0.71
M     70.12   114.17   0.69   115.81   0.63
M     73.63   112.18   0.25   112.86   0.70
M     77.31   109.70   0.13   110.70   0.53
M     81.18   107.05   0.09   108.74   0.54
M     85.24   105.75   0.17   106.19   0.38
M     89.50   104.75   0.47   105.36   0.49
M     93.97   103.34   0.59   103.32   0.46
M     98.67   102.76   0.52   101.57   0.43
M    103.60   101.06   0.43   100.62   0.46
M    108.79   100.48   0.43   100.79   0.39
M    114.22   100.30   0.43   101.15   0.40
M    119.94    99.27   0.36    99.93   0.35
M    125.93    99.59   0.39   100.09   0.36
M    132.23    99.46   0.37   100.50   0.32
M    138.84   100.26   0.35    99.70   0.33
M    145.78    99.76   0.32   100.33   0.30
M    153.07    99.72   0.29   100.14   0.29
M    160.73    99.72   0.27   100.79   0.28
M    168.76    99.82   0.21   100.02   0.27
M    177.20    99.85   0.14   100.14   0.24
M    186.06    99.77   0.09   100.13   0.23
M    195.36    99.70   0.08    99.73   0.20
M    205.13    99.68   0.09    99.69   0.21
M    215.39    99.66   0.14    99.15   0.20
M    226.16    99.67   0.20    99.74   0.20
M    237.46   100.09   0.20    99.71   0.16
M    249.34    99.78   0.17    99.75   0.17
M    261.80    99.81   0.15   100.05   0.18
