###  1237667322723827758 0.186 30.0 99.767342
# method  r_pixel  i1_cts i1_cts_err i2_cts i2_cts_err
I      3.00  4152.48  28.08  7590.49 100.45
I      5.00  2382.34  15.81  3934.83  50.79
I      7.00  1600.68  12.17  2339.79  20.76
I      9.00  1166.18   4.09  1567.19  14.41
M     11.00   845.39  19.90  1150.61  44.57
M     13.00   702.56  16.29   866.64  27.73
M     15.00   567.29  13.10   690.75  13.89
M     17.00   470.30   8.08   555.87   9.14
M     19.00   392.64   5.14   456.92   6.68
M     21.00   341.87   3.47   390.89   6.10
M     23.00   304.61   2.34   336.66   4.52
M     25.00   285.29   1.97   309.31   2.33
M     27.00   267.79   1.74   287.88   2.70
M     29.00   255.24   1.40   267.63   1.96
M     31.00   242.34   1.08   256.03   1.66
M     33.00   231.48   1.49   240.66   1.73
M     35.00   221.39   0.98   230.17   0.94
M     37.00   211.19   1.06   222.58   1.29
M     39.00   205.77   0.91   214.00   1.22
M     41.00   198.94   1.06   208.80   1.09
M     43.05   195.26   0.94   205.16   1.42
M     45.20   191.70   0.86   198.52   0.70
M     47.46   185.56   0.77   192.23   0.92
M     49.84   179.40   0.96   186.24   1.28
M     52.33   173.25   0.77   179.28   0.79
M     54.94   166.01   0.73   171.90   0.80
M     57.69   161.67   0.61   163.49   0.73
M     60.58   154.49   0.72   158.00   0.64
M     63.60   147.99   0.68   150.16   0.67
M     66.78   141.38   0.62   143.51   0.63
M     70.12   135.70   0.63   137.06   0.52
M     73.63   129.22   0.61   131.88   0.45
M     77.31   124.41   0.55   128.26   0.48
M     81.18   119.69   0.45   121.79   0.48
M     85.24   116.83   0.42   117.68   0.40
M     89.50   112.52   0.36   114.10   0.44
M     93.97   109.89   0.32   111.90   0.38
M     98.67   107.98   0.28   108.22   0.33
M    103.60   106.67   0.28   106.55   0.29
M    108.79   104.86   0.31   104.90   0.19
M    114.22   103.29   0.32   103.79   0.04
M    119.94   101.91   0.28   102.79   0.03
M    125.93   101.24   0.28   101.97   0.02
M    132.23   100.94   0.27   101.27   0.01
M    138.84   100.21   0.23   100.72   0.03
M    145.78    99.98   0.24   100.39   0.01
M    153.07    99.81   0.22   100.25   0.00
M    160.73   100.08   0.23   100.07   0.06
M    168.76    99.83   0.21    99.86   0.08
M    177.20    99.79   0.18    99.81   0.11
M    186.06    99.78   0.17    99.78   0.12
M    195.36    99.53   0.17    99.78   0.15
M    205.13    99.42   0.17    99.78   0.15
M    215.39    99.96   0.17    99.77   0.11
M    226.16    99.90   0.16    99.75   0.10
M    237.46    99.47   0.16    99.73   0.12
M    249.34    99.70   0.15    99.52   0.12
M    261.80    99.71   0.15    99.70   0.10
