###  1237667444048330974 0.1859 30.0 99.156105
# method  r_pixel  i1_cts i1_cts_err i2_cts i2_cts_err
I      3.00   791.71   3.30   598.87   1.47
I      5.00   586.00   1.81   449.13   0.78
I      7.00   439.28   3.75   362.05   2.37
I      9.00   369.39   2.90   303.05   2.81
M     11.00   310.27   3.66   279.58   4.12
M     13.00   272.16   4.73   246.69   4.82
M     15.00   248.80   3.42   232.03   2.00
M     17.00   232.21   1.97   218.82   2.12
M     19.00   219.13   2.07   206.03   1.85
M     21.00   204.51   2.10   189.74   3.15
M     23.00   192.83   1.91   189.26   1.12
M     25.00   190.08   1.30   182.37   1.73
M     27.00   181.89   1.06   176.82   1.27
M     29.00   178.56   1.00   168.64   1.97
M     31.00   171.98   1.29   167.49   1.44
M     33.00   167.05   1.40   161.73   1.55
M     35.00   162.70   1.25   156.03   1.56
M     37.00   155.87   1.52   149.91   1.22
M     39.00   150.29   1.14   148.46   0.94
M     41.00   146.35   0.86   144.52   0.80
M     43.05   144.71   1.16   142.85   0.86
M     45.20   139.33   1.11   138.34   0.95
M     47.46   138.19   0.93   133.93   1.00
M     49.84   135.53   0.90   131.87   0.83
M     52.33   131.03   0.72   128.83   0.81
M     54.94   128.77   0.95   125.40   0.84
M     57.69   127.01   0.77   126.36   0.73
M     60.58   125.10   0.88   125.17   0.76
M     63.60   125.70   0.61   124.10   0.63
M     66.78   121.98   0.74   125.89   0.71
M     70.12   120.73   0.63   122.78   0.57
M     73.63   119.49   0.59   120.21   0.64
M     77.31   117.01   0.38   116.60   0.56
M     81.18   113.82   0.37   114.03   0.58
M     85.24   111.14   0.29   112.18   0.50
M     89.50   108.95   0.31   110.44   0.48
M     93.97   108.81   0.23   109.15   0.48
M     98.67   108.68   0.18   108.71   0.36
M    103.60   108.56   0.25   108.45   0.38
M    108.79   108.44   0.33   107.41   0.36
M    114.22   107.65   0.33   106.34   0.37
M    119.94   105.05   0.30   103.95   0.38
M    125.93   103.95   0.25   102.53   0.35
M    132.23   103.35   0.27   101.99   0.33
M    138.84   102.93   0.24   101.17   0.34
M    145.78   102.57   0.24   101.92   0.32
M    153.07   102.28   0.20   102.27   0.24
M    160.73   102.16   0.21   102.14   0.20
M    168.76   101.91   0.21   101.84   0.04
M    177.20   101.11   0.18   101.07   0.02
M    186.06   100.45   0.18   100.44   0.05
M    195.36   100.01   0.18   100.00   0.08
M    205.13    99.63   0.18    99.64   0.09
M    215.39    99.35   0.18    99.29   0.09
M    226.16    99.17   0.18    99.19   0.09
M    237.46    99.22   0.19    99.34   0.14
M    249.34    99.41   0.14    99.44   0.16
M    261.80    99.29   0.11    99.38   0.18
