###  1237667442438373472 0.186 30.0 99.863777
# method  r_pixel  i1_cts i1_cts_err i2_cts i2_cts_err
I      3.00   577.81   2.40   603.23   5.44
I      5.00   453.43   1.34   475.73   5.29
I      7.00   367.57   1.43   371.31   3.46
I      9.00   288.71   2.78   311.22   1.75
M     11.00   254.83   3.78   252.66   4.10
M     13.00   218.45   3.30   231.08   1.52
M     15.00   198.91   1.88   205.92   1.33
M     17.00   181.16   1.25   188.78   1.63
M     19.00   169.46   1.29   174.63   2.20
M     21.00   162.08   0.93   164.84   1.48
M     23.00   151.39   1.29   156.22   0.90
M     25.00   146.15   0.99   149.10   1.41
M     27.00   138.81   0.67   143.91   1.15
M     29.00   132.49   0.74   138.59   0.96
M     31.00   126.66   1.07   129.57   1.06
M     33.00   124.67   0.83   127.47   0.94
M     35.00   120.32   0.66   122.15   1.01
M     37.00   114.81   0.56   119.43   0.79
M     39.00   113.04   0.57   115.93   0.72
M     41.00   109.93   0.43   113.62   0.67
M     43.05   108.63   0.52   111.70   0.66
M     45.20   106.95   0.37   110.60   0.87
M     47.46   105.85   0.27   108.29   0.59
M     49.84   104.81   0.27   106.51   0.58
M     52.33   103.62   0.17   104.20   0.68
M     54.94   102.49   0.30   105.82   0.64
M     57.69   101.81   0.30   103.42   0.49
M     60.58   101.56   0.27   102.94   0.66
M     63.60   101.27   0.22   101.81   0.53
M     66.78   101.07   0.26   102.45   0.41
M     70.12   100.86   0.27   102.24   0.40
M     73.63   100.69   0.29   100.49   0.49
M     77.31   100.46   0.30   100.02   0.41
M     81.18   100.40   0.33   101.02   0.36
M     85.24   100.34   0.35   100.06   0.33
M     89.50   100.55   0.31   100.00   0.29
M     93.97   100.32   0.26   100.14   0.33
M     98.67   100.28   0.17   100.14   0.31
M    103.60   100.06   0.18   100.40   0.26
M    108.79    99.91   0.21    99.55   0.29
M    114.22    99.95   0.26   100.21   0.27
M    119.94    99.63   0.24    99.79   0.25
M    125.93   100.03   0.23   100.29   0.22
M    132.23    99.70   0.22    99.50   0.21
M    138.84   100.13   0.21    99.85   0.20
M    145.78   100.01   0.20    99.77   0.20
M    153.07    99.91   0.21    99.77   0.18
M    160.73    99.83   0.19    99.83   0.19
M    168.76   100.15   0.17    99.75   0.18
M    177.20   100.33   0.17    99.97   0.18
M    186.06    99.81   0.15    99.77   0.16
M    195.36    99.84   0.10   100.05   0.15
M    205.13    99.89   0.11   100.03   0.15
M    215.39    99.87   0.10    99.55   0.14
M    226.16    99.81   0.11    99.94   0.13
M    237.46    99.83   0.12   100.03   0.12
M    249.34    99.88   0.12    99.80   0.09
M    261.80    99.90   0.12    99.87   0.06
