###  1237667323797110918 0.186 30.0 99.986496
# method  r_pixel  i1_cts i1_cts_err i2_cts i2_cts_err
I      3.00  1897.97  18.53  1962.36  21.53
I      5.00  1182.97  10.19  1225.52  18.44
I      7.00   802.59  10.25   847.46  12.43
I      9.00   605.82   5.88   633.94   9.12
M     11.00   481.29  13.90   523.77   9.42
M     13.00   413.31   9.56   452.95   5.98
M     15.00   367.20   9.36   401.23   4.59
M     17.00   347.35   8.29   369.16   3.97
M     19.00   317.41   5.24   337.73   4.53
M     21.00   293.90   6.37   311.72   2.76
M     23.00   264.36   5.19   281.78   2.45
M     25.00   239.46   4.19   246.39   2.92
M     27.00   211.07   3.14   220.94   2.75
M     29.00   185.46   2.47   196.81   2.19
M     31.00   165.16   1.95   170.91   2.17
M     33.00   151.79   1.51   161.48   2.02
M     35.00   140.50   1.15   144.68   1.55
M     37.00   133.21   1.02   134.07   0.90
M     39.00   123.46   1.07   125.29   1.05
M     41.00   118.13   1.17   122.50   0.88
M     43.05   113.83   1.15   115.71   0.87
M     45.20   109.96   0.68   113.20   0.87
M     47.46   109.77   0.82   109.50   0.95
M     49.84   107.06   0.66   109.29   0.91
M     52.33   106.65   0.76   106.36   0.86
M     54.94   103.78   0.75   104.22   0.94
M     57.69   102.99   0.89   103.20   0.59
M     60.58   101.70   0.78   101.76   0.67
M     63.60   100.61   0.66   101.31   0.71
M     66.78   101.15   0.83   101.09   0.73
M     70.12   100.85   0.60   101.37   0.66
M     73.63   100.40   0.64   100.41   0.54
M     77.31    99.99   0.59   100.54   0.55
M     81.18   100.81   0.53   100.96   0.51
M     85.24    99.78   0.48   100.43   0.47
M     89.50   100.60   0.53    98.95   0.55
M     93.97    99.76   0.46   100.59   0.50
M     98.67   100.22   0.42   100.40   0.48
M    103.60   100.08   0.41    99.81   0.41
M    108.79    99.95   0.34    99.87   0.34
M    114.22    99.95   0.33   100.04   0.36
M    119.94   100.08   0.38   100.12   0.37
M    125.93   100.53   0.37   100.41   0.35
M    132.23    99.32   0.35   100.60   0.37
M    138.84   100.12   0.33   100.54   0.33
M    145.78   100.07   0.31    99.82   0.32
M    153.07   100.18   0.29   100.71   0.32
M    160.73   100.18   0.22   100.48   0.30
M    168.76   100.09   0.19   100.50   0.28
M    177.20   100.00   0.18   100.04   0.27
M    186.06    99.94   0.18   100.13   0.22
M    195.36    99.90   0.17    99.84   0.21
M    205.13    99.69   0.21    99.47   0.20
M    215.39   100.14   0.20    99.83   0.16
M    226.16    99.59   0.20    99.94   0.14
M    237.46    99.91   0.19   100.00   0.18
M    249.34   100.03   0.18    99.92   0.17
M    261.80    99.85   0.16    99.55   0.18
