###  1237667444048527610 0.186 30.0 99.905624
# method  r_pixel  i1_cts i1_cts_err i2_cts i2_cts_err
I      3.00   575.83   6.42   666.72   8.01
I      5.00   419.35   4.28   487.68  10.09
I      7.00   329.21   2.11   370.09   7.11
I      9.00   252.13   3.28   286.16   5.84
M     11.00   203.66   4.72   232.72   3.88
M     13.00   179.28   2.40   195.26   4.86
M     15.00   167.20   3.30   171.14   3.51
M     17.00   156.14   2.10   156.23   2.15
M     19.00   150.95   1.03   152.99   1.60
M     21.00   144.52   2.46   140.89   2.00
M     23.00   137.88   2.18   138.09   1.44
M     25.00   136.48   1.62   135.77   1.04
M     27.00   129.49   1.23   131.50   1.76
M     29.00   125.24   1.85   130.07   1.52
M     31.00   124.47   1.48   126.77   1.52
M     33.00   122.27   1.37   124.24   1.64
M     35.00   118.59   1.23   121.46   0.99
M     37.00   116.37   1.10   120.75   1.18
M     39.00   111.01   1.10   116.17   1.62
M     41.00   112.50   1.02   112.13   0.91
M     43.05   109.50   1.02   112.03   1.33
M     45.20   107.79   0.86   110.16   1.19
M     47.46   105.75   1.00   107.35   1.29
M     49.84   103.89   1.09   106.06   1.10
M     52.33   103.32   1.05   104.17   0.99
M     54.94   103.88   0.99   102.65   1.12
M     57.69   102.16   0.99   102.77   1.12
M     60.58   102.31   0.80   103.07   0.65
M     63.60   100.67   0.83   101.37   0.78
M     66.78   101.36   0.86   101.78   0.84
M     70.12   100.51   0.89    99.73   0.74
M     73.63   100.66   0.74   100.91   0.81
M     77.31    99.61   0.62   100.20   0.70
M     81.18    99.65   0.66    99.73   0.61
M     85.24   100.67   0.63   100.48   0.65
M     89.50    99.87   0.52    99.74   0.66
M     93.97   100.23   0.56   100.99   0.54
M     98.67   100.31   0.51    99.46   0.51
M    103.60    99.58   0.51   100.84   0.53
M    108.79    99.91   0.50   100.41   0.49
M    114.22    98.91   0.44   100.12   0.46
M    119.94    99.36   0.42    99.92   0.41
M    125.93    99.91   0.42    99.94   0.49
M    132.23    99.01   0.39   100.01   0.37
M    138.84    99.86   0.40    99.82   0.39
M    145.78    99.90   0.37    99.86   0.35
M    153.07    99.91   0.37   100.33   0.33
M    160.73    99.60   0.38    99.67   0.35
M    168.76   100.11   0.34    99.88   0.29
M    177.20    99.71   0.32   100.10   0.29
M    186.06    99.76   0.30    99.98   0.27
M    195.36   100.18   0.30   100.36   0.27
M    205.13    99.85   0.28    99.89   0.27
M    215.39    99.63   0.26   100.30   0.25
M    226.16    99.79   0.21   100.41   0.22
M    237.46    99.85   0.12    99.57   0.22
M    249.34    99.96   0.14    99.83   0.21
M    261.80    99.97   0.13    99.93   0.20
