###  1237667323798159456 0.1859 30.0 99.818001
# method  r_pixel  i1_cts i1_cts_err i2_cts i2_cts_err
I      3.00   832.49  29.63  1128.45  57.67
I      5.00   600.95  17.05   805.59  39.02
I      7.00   493.73  15.54   619.32  26.37
I      9.00   416.01  15.30   529.18  13.56
M     11.00   367.25  10.54   449.58   7.67
M     13.00   324.04  10.38   404.47   4.55
M     15.00   291.30   8.42   366.15   4.80
M     17.00   272.82   5.07   341.21   1.71
M     19.00   258.85   3.40   318.71   2.53
M     21.00   248.26   2.81   294.13   3.12
M     23.00   234.64   3.39   273.14   2.32
M     25.00   227.54   2.23   260.85   2.70
M     27.00   225.11   1.71   246.37   2.34
M     29.00   228.77   2.04   236.51   2.17
M     31.00   224.46   1.71   216.54   1.79
M     33.00   216.90   1.86   200.12   2.36
M     35.00   209.32   2.46   183.20   1.67
M     37.00   195.06   2.00   170.75   1.94
M     39.00   180.56   1.50   162.84   1.79
M     41.00   165.39   1.71   153.21   1.54
M     43.05   154.27   1.10   144.95   1.14
M     45.20   146.08   1.19   140.91   0.88
M     47.46   138.50   0.89   136.72   1.01
M     49.84   133.48   0.72   131.62   0.92
M     52.33   130.48   0.63   128.85   0.83
M     54.94   126.86   0.71   125.39   0.68
M     57.69   124.25   0.73   121.86   0.78
M     60.58   121.11   0.73   119.52   0.62
M     63.60   117.44   0.66   116.09   0.58
M     66.78   114.22   0.56   115.12   0.59
M     70.12   110.66   0.54   112.00   0.59
M     73.63   108.95   0.45   111.08   0.50
M     77.31   108.43   0.35   109.61   0.45
M     81.18   107.61   0.36   108.28   0.35
M     85.24   106.73   0.23   107.41   0.27
M     89.50   105.84   0.09   106.55   0.05
M     93.97   105.20   0.03   105.67   0.03
M     98.67   104.60   0.02   104.98   0.02
M    103.60   104.00   0.02   104.38   0.02
M    108.79   103.47   0.02   103.79   0.02
M    114.22   102.80   0.02   103.20   0.02
M    119.94   102.22   0.01   102.66   0.20
M    125.93   101.77   0.01   101.68   0.24
M    132.23   101.36   0.01   101.70   0.26
M    138.84   100.98   0.01   100.76   0.21
M    145.78   100.64   0.04   100.54   0.23
M    153.07   100.50   0.13   100.49   0.19
M    160.73    99.75   0.22    99.76   0.19
M    168.76    99.91   0.21    99.74   0.17
M    177.20    99.57   0.21    99.83   0.18
M    186.06    99.41   0.19    99.48   0.16
M    195.36    99.43   0.16    99.93   0.15
M    205.13    99.58   0.17    99.71   0.15
M    215.39    99.40   0.17    99.89   0.14
M    226.16    99.53   0.16    99.48   0.13
M    237.46    99.30   0.15    99.94   0.12
M    249.34    99.96   0.12    99.98   0.09
M    261.80    99.94   0.10    99.94   0.09
