###  1237665427552993436 0.1861 30.0 99.540222
# method  r_pixel  i1_cts i1_cts_err i2_cts i2_cts_err
I      3.00   729.07   7.59   724.16   2.12
I      5.00   539.88   6.47   548.80   2.73
I      7.00   436.41   6.76   454.10   3.29
I      9.00   356.67   4.65   381.76   3.53
M     11.00   321.61   3.53   335.75   3.94
M     13.00   294.30   3.78   294.03   2.35
M     15.00   259.82   3.95   268.82   3.27
M     17.00   248.56   2.14   247.35   2.74
M     19.00   230.98   2.64   231.35   2.27
M     21.00   221.11   2.84   223.72   2.91
M     23.00   209.80   2.39   213.02   2.05
M     25.00   199.63   2.04   204.97   2.08
M     27.00   192.82   2.18   196.66   1.43
M     29.00   185.03   1.27   188.80   1.75
M     31.00   175.16   2.07   181.64   1.52
M     33.00   169.19   1.05   178.47   1.69
M     35.00   164.18   0.84   171.01   1.37
M     37.00   162.47   1.67   168.26   1.12
M     39.00   161.14   1.05   161.01   0.85
M     41.00   155.97   1.06   158.61   1.20
M     43.05   153.49   1.08   153.89   1.19
M     45.20   149.65   1.29   151.14   1.36
M     47.46   146.96   1.19   146.99   1.33
M     49.84   141.64   0.77   143.73   0.82
M     52.33   138.00   0.88   140.01   1.05
M     54.94   134.53   0.86   135.76   0.77
M     57.69   129.49   0.77   129.70   0.84
M     60.58   125.39   0.88   126.99   0.94
M     63.60   122.77   0.76   122.67   0.76
M     66.78   120.95   0.75   119.56   0.49
M     70.12   118.49   0.67   117.27   0.56
M     73.63   117.14   0.57   115.96   0.07
M     77.31   115.37   0.50   114.80   0.05
M     81.18   113.29   0.36   112.84   0.09
M     85.24   111.15   0.08   110.59   0.06
M     89.50   109.66   0.05   109.17   0.04
M     93.97   108.46   0.10   108.00   0.04
M     98.67   107.19   0.12   106.70   0.04
M    103.60   106.10   0.31   105.56   0.03
M    108.79   104.94   0.25   104.63   0.02
M    114.22   104.11   0.16   103.80   0.02
M    119.94   103.19   0.18   102.91   0.02
M    125.93   102.28   0.16   102.14   0.02
M    132.23   101.77   0.20   101.63   0.01
M    138.84   101.32   0.23   101.20   0.07
M    145.78   100.89   0.21   100.81   0.11
M    153.07   100.57   0.18   100.47   0.17
M    160.73   100.28   0.19   100.24   0.22
M    168.76   100.03   0.20   100.07   0.26
M    177.20    99.84   0.20   100.25   0.26
M    186.06    99.69   0.20   100.17   0.25
M    195.36   100.22   0.22    99.61   0.24
M    205.13    99.87   0.20    99.56   0.23
M    215.39    99.49   0.19    99.48   0.22
M    226.16    99.48   0.17    99.50   0.20
M    237.46    99.59   0.17    99.54   0.20
M    249.34    99.59   0.13    99.78   0.19
M    261.80    99.61   0.12   100.12   0.18
