###  1237665440978501687 0.186 30.0 99.850014
# method  r_pixel  i1_cts i1_cts_err i2_cts i2_cts_err
I      3.00  1416.77  60.82  1559.46  47.68
I      5.00   847.58  34.78   889.18  23.27
I      7.00   546.92  16.93   582.94  11.49
I      9.00   397.15  11.35   413.44   4.42
M     11.00   322.28   5.13   327.37   6.53
M     13.00   276.04   5.11   275.73   4.18
M     15.00   242.91   2.33   245.37   1.78
M     17.00   223.23   3.19   221.68   3.22
M     19.00   205.60   1.47   206.61   1.45
M     21.00   192.39   1.60   196.43   1.43
M     23.00   179.58   1.80   181.61   2.29
M     25.00   170.85   1.95   174.59   1.27
M     27.00   166.96   1.17   165.32   1.58
M     29.00   159.19   1.38   158.52   1.52
M     31.00   151.34   1.38   153.89   1.35
M     33.00   145.80   1.24   147.85   1.49
M     35.00   141.40   1.30   143.20   0.92
M     37.00   136.85   0.94   137.35   0.94
M     39.00   132.99   1.20   135.44   1.15
M     41.00   131.89   0.92   131.53   1.08
M     43.05   129.13   1.22   128.48   0.95
M     45.20   124.91   1.07   125.45   0.89
M     47.46   121.56   0.82   121.98   0.89
M     49.84   121.32   0.68   119.81   0.89
M     52.33   119.66   1.04   116.93   0.82
M     54.94   114.60   1.01   116.42   0.62
M     57.69   113.19   0.68   114.12   0.77
M     60.58   111.98   0.67   112.97   0.71
M     63.60   111.16   0.55   111.59   0.60
M     66.78   109.24   0.39   109.64   0.68
M     70.12   106.85   0.34   107.25   0.61
M     73.63   105.96   0.38   106.16   0.52
M     77.31   105.55   0.49   106.81   0.58
M     81.18   105.79   0.52   105.04   0.35
M     85.24   104.85   0.48   103.15   0.22
M     89.50   104.50   0.52   102.75   0.14
M     93.97   102.62   0.41   102.37   0.19
M     98.67   102.27   0.38   101.98   0.11
M    103.60   101.81   0.36   101.61   0.16
M    108.79   101.49   0.41   101.22   0.19
M    114.22   100.06   0.39   100.85   0.17
M    119.94    99.81   0.37   100.78   0.23
M    125.93   100.43   0.36   100.79   0.26
M    132.23   100.46   0.32   100.61   0.21
M    138.84    99.89   0.33   100.40   0.16
M    145.78    99.85   0.30   100.34   0.21
M    153.07    99.95   0.28    99.89   0.26
M    160.73    99.62   0.28    99.80   0.27
M    168.76    99.84   0.28    99.87   0.25
M    177.20    99.23   0.22    99.93   0.25
M    186.06    99.55   0.25   100.04   0.22
M    195.36    99.49   0.21    99.49   0.21
M    205.13    99.76   0.17    99.88   0.21
M    215.39    99.77   0.18    99.82   0.18
M    226.16    99.94   0.19    99.85   0.13
M    237.46    99.83   0.18    99.85   0.15
M    249.34    99.84   0.14    99.84   0.17
M    261.80    99.85   0.12    99.85   0.17
