###  1237667323797831683 0.186 30.0 99.6950081756
# method  r_pixel  i1_cts i1_cts_err i2_cts i2_cts_err
I      3.00   747.97  21.63   900.69   3.57
I      5.00   632.34  22.37   883.29  13.72
I      7.00   554.27  21.80   773.35  23.88
I      9.00   450.76  11.62   654.19  18.23
M     11.00   386.90  11.70   511.48  17.02
M     13.00   332.71  12.26   406.32  10.52
M     15.00   314.91  10.94   344.02   4.45
M     17.00   311.59  13.04   309.63   4.16
M     19.00   291.43   9.43   289.72   3.51
M     21.00   273.30   7.42   274.47   4.82
M     23.00   258.27   6.33   250.25   3.65
M     25.00   246.27   5.30   233.29   3.65
M     27.00   229.57   3.71   204.10   2.72
M     29.00   227.07   2.48   189.36   2.06
M     31.00   216.30   4.26   181.37   2.79
M     33.00   201.62   6.27   177.50   2.38
M     35.00   192.53   4.92   177.50   2.81
M     37.00   182.53   3.02   173.63   2.14
M     39.00   176.58   2.79   171.15   1.79
M     41.00   172.88   3.16   165.27   1.62
M     43.05   162.28   3.24   163.98   1.70
M     45.20   160.50   2.42   161.93   2.29
M     47.46   151.71   1.42   155.38   2.74
M     49.84   140.32   1.19   151.80   2.78
M     52.33   141.14   1.25   144.28   2.18
M     54.94   133.46   1.14   138.19   1.40
M     57.69   128.51   1.13   130.72   1.02
M     60.58   125.55   0.97   129.71   1.01
M     63.60   122.44   0.86   125.17   0.65
M     66.78   118.96   0.75   122.17   0.79
M     70.12   116.85   0.62   118.80   0.80
M     73.63   115.71   0.70   115.51   0.72
M     77.31   113.84   0.65   113.82   0.66
M     81.18   110.63   0.73   111.97   0.52
M     85.24   108.81   0.51   110.27   0.45
M     89.50   106.68   0.47   109.34   0.50
M     93.97   105.71   0.53   109.06   0.44
M     98.67   103.66   0.50   106.90   0.51
M    103.60   102.07   0.47   105.13   0.43
M    108.79   102.86   0.46   103.98   0.42
M    114.22   102.47   0.47   103.22   0.45
M    119.94   102.75   0.45   103.20   0.39
M    125.93   101.95   0.42   102.49   0.45
M    132.23   101.69   0.40   101.94   0.27
M    138.84   101.77   0.39   101.55   0.21
M    145.78   101.27   0.34   101.23   0.22
M    153.07   100.49   0.32   100.87   0.24
M    160.73   100.37   0.23   100.59   0.31
M    168.76   100.23   0.17    99.82   0.32
M    177.20    99.99   0.20    99.94   0.29
M    186.06    99.74   0.22    99.78   0.24
M    195.36   100.08   0.27    99.75   0.17
M    205.13    99.76   0.27    99.81   0.14
M    215.39    99.58   0.24    99.79   0.14
M    226.16    99.45   0.22    99.73   0.24
M    237.46    99.50   0.22    99.36   0.23
M    249.34    99.96   0.21    99.16   0.22
M    261.80    99.25   0.20    99.23   0.21
