###  1237667323797307493 0.186 30.0 99.055748
# method  r_pixel  i1_cts i1_cts_err i2_cts i2_cts_err
I      3.00  6308.32 108.34  3184.43  21.70
I      5.00  4199.51  73.22  2159.54  14.85
I      7.00  2677.24  50.40  1573.05   8.99
I      9.00  1835.15  30.69  1215.42   8.99
M     11.00  1347.70  48.14   957.66  32.45
M     13.00  1051.21  21.50   803.94  16.56
M     15.00   856.22  20.45   661.58  10.03
M     17.00   707.22  17.64   551.64   7.13
M     19.00   586.39  14.39   496.64   4.95
M     21.00   501.28   9.31   434.22   4.88
M     23.00   440.44   5.68   391.76   4.38
M     25.00   397.42   3.93   356.79   3.14
M     27.00   368.38   2.47   327.72   2.07
M     29.00   335.88   2.89   308.74   2.58
M     31.00   311.46   3.29   287.41   1.66
M     33.00   295.94   2.31   272.35   1.59
M     35.00   283.20   1.65   262.39   0.88
M     37.00   269.64   1.59   253.29   0.91
M     39.00   252.77   1.76   242.28   0.93
M     41.00   243.27   1.01   231.23   0.91
M     43.05   234.37   1.82   220.81   0.91
M     45.20   222.29   1.38   210.05   0.60
M     47.46   211.98   1.18   203.98   0.36
M     49.84   203.34   1.24   198.41   0.33
M     52.33   196.73   1.16   193.19   0.38
M     54.94   191.16   1.23   188.07   0.35
M     57.69   183.01   1.09   183.12   0.33
M     60.58   178.31   0.94   178.17   0.31
M     63.60   174.06   0.99   173.41   0.29
M     66.78   167.04   1.03   167.42   0.38
M     70.12   159.94   0.74   161.04   0.30
M     73.63   153.93   0.82   154.87   0.27
M     77.31   149.72   0.81   149.26   0.24
M     81.18   143.94   0.74   145.52   0.17
M     85.24   140.81   0.69   142.15   0.13
M     89.50   137.18   0.74   139.89   0.10
M     93.97   136.52   0.55   137.96   0.07
M     98.67   133.78   0.60   136.98   0.04
M    103.60   132.39   0.54   136.11   0.03
M    108.79   130.10   0.51   135.21   0.03
M    114.22   129.16   0.46   134.38   0.04
M    119.94   126.56   0.38   132.77   0.05
M    125.93   124.80   0.40   131.02   0.10
M    132.23   122.34   0.41   126.48   0.14
M    138.84   119.59   0.37   122.13   0.15
M    145.78   116.25   0.30   116.55   0.16
M    153.07   111.13   0.29   111.63   0.12
M    160.73   106.72   0.27   108.05   0.09
M    168.76   104.78   0.23   105.33   0.04
M    177.20   104.00   0.23   104.81   0.01
M    186.06   104.10   0.21   104.11   0.02
M    195.36   103.23   0.22   102.87   0.03
M    205.13   102.73   0.21   101.92   0.01
M    215.39   102.22   0.19   101.47   0.01
M    226.16   101.74   0.20   101.32   0.00
M    237.46   101.51   0.18   101.48   0.00
M    249.34   100.95   0.19   101.30   0.01
M    261.80   100.92   0.16   100.60   0.01
