###  1237665440442089583 0.186 30.0 99.713722
# method  r_pixel  i1_cts i1_cts_err i2_cts i2_cts_err
I      3.00  4062.22  50.11  5217.83  92.94
I      5.00  2591.45  39.17  3251.40  57.01
I      7.00  1809.95  23.20  2200.07  43.83
M      9.00  1317.33  56.53  1557.52  94.60
I     11.00   953.96  14.76  1128.44  16.26
M     13.00   729.71  15.29   851.40  24.31
M     15.00   594.21  15.02   647.06  17.23
M     17.00   495.72   9.98   538.49   9.94
M     19.00   419.73   6.49   451.72   6.36
M     21.00   362.45   4.47   393.33   5.40
M     23.00   327.17   3.75   347.22   3.33
M     25.00   292.29   2.45   304.04   3.34
M     27.00   268.71   2.75   280.40   2.78
M     29.00   244.71   1.75   260.99   1.96
M     31.00   235.01   1.79   242.55   2.34
M     33.00   222.76   1.31   229.17   1.94
M     35.00   211.72   1.70   213.83   1.42
M     37.00   205.15   1.52   209.61   1.50
M     39.00   196.65   1.51   198.63   1.78
M     41.00   191.19   1.60   193.16   1.45
M     43.05   181.28   1.25   185.48   1.18
M     45.20   174.41   0.99   181.12   1.24
M     47.46   171.64   1.23   173.79   0.98
M     49.84   163.04   0.79   168.87   1.00
M     52.33   157.73   1.15   159.56   0.87
M     54.94   150.02   0.69   154.71   0.96
M     57.69   144.06   0.97   147.34   0.77
M     60.58   139.33   0.83   140.84   0.79
M     63.60   132.52   0.80   135.55   0.81
M     66.78   127.17   0.73   129.32   0.65
M     70.12   123.33   0.72   126.66   0.80
M     73.63   120.28   0.64   123.16   0.67
M     77.31   118.14   0.57   119.16   0.70
M     81.18   113.96   0.51   115.91   0.62
M     85.24   111.84   0.52   112.24   0.55
M     89.50   109.64   0.52   111.23   0.48
M     93.97   107.35   0.49   108.96   0.43
M     98.67   105.52   0.47   107.75   0.34
M    103.60   104.78   0.49   106.07   0.26
M    108.79   103.97   0.49   104.43   0.40
M    114.22   101.77   0.42   102.37   0.40
M    119.94   102.02   0.42   102.33   0.36
M    125.93   101.39   0.38   101.93   0.35
M    132.23   101.06   0.38   100.77   0.33
M    138.84    99.97   0.32   101.00   0.33
M    145.78   100.68   0.33   100.97   0.30
M    153.07   100.06   0.30   100.40   0.30
M    160.73    99.75   0.30   100.34   0.27
M    168.76    99.71   0.28   100.32   0.24
M    177.20    99.92   0.27    99.67   0.25
M    186.06    99.88   0.26    99.88   0.19
M    195.36    99.87   0.23    99.87   0.20
M    205.13    99.83   0.23    99.82   0.18
M    215.39    99.43   0.22    99.76   0.17
M    226.16    99.78   0.19    99.78   0.17
M    237.46    99.80   0.16    99.80   0.15
M    249.34    99.78   0.16    99.78   0.13
M    261.80    99.75   0.17    99.75   0.12
