###  1237667322723696663 0.1861 30.0 99.882217
# method  r_pixel  i1_cts i1_cts_err i2_cts i2_cts_err
I      3.00  5421.47  69.00  6147.28 130.13
I      5.00  3698.14  41.97  3922.38  70.86
I      7.00  2747.63  16.50  2886.55  44.74
I      9.00  2193.99  13.79  2268.60  27.96
M     11.00  1726.63  32.81  1837.78  40.64
M     13.00  1472.50  27.66  1518.54  23.57
M     15.00  1208.94  19.20  1287.07  21.51
M     17.00  1054.14  14.79  1082.59  14.84
M     19.00   919.17  14.47   935.23  11.31
M     21.00   790.21  13.23   809.00   8.77
M     23.00   703.19   9.59   698.48   7.07
M     25.00   614.45   4.84   624.22   5.56
M     27.00   553.20   4.98   563.74   4.24
M     29.00   509.49   3.65   505.24   3.78
M     31.00   468.85   3.18   471.33   3.13
M     33.00   436.99   2.90   435.99   2.44
M     35.00   407.35   1.84   406.20   1.79
M     37.00   387.00   1.37   386.50   2.04
M     39.00   372.93   1.66   368.58   1.70
M     41.00   358.04   1.02   355.11   2.18
M     43.05   343.17   1.16   335.71   2.50
M     45.20   322.58   1.33   319.35   2.27
M     47.46   299.33   1.56   301.28   1.99
M     49.84   281.21   1.22   285.84   1.19
M     52.33   268.14   1.05   267.17   1.45
M     54.94   249.83   1.58   250.37   1.42
M     57.69   230.55   1.29   228.45   1.63
M     60.58   208.07   1.41   207.18   1.45
M     63.60   190.59   1.19   187.81   1.08
M     66.78   173.45   0.99   173.99   0.64
M     70.12   158.95   0.72   162.04   0.70
M     73.63   146.74   0.63   150.97   0.68
M     77.31   137.43   0.68   139.70   0.62
M     81.18   129.49   0.53   130.00   0.55
M     85.24   124.84   0.48   122.13   0.43
M     89.50   119.21   0.39   118.64   0.43
M     93.97   113.95   0.38   113.93   0.39
M     98.67   111.45   0.32   112.23   0.31
M    103.60   109.60   0.32   109.70   0.35
M    108.79   107.82   0.28   106.93   0.31
M    114.22   107.67   0.34   106.43   0.32
M    119.94   105.54   0.30   105.00   0.28
M    125.93   104.15   0.30   104.37   0.26
M    132.23   103.68   0.30   103.65   0.27
M    138.84   102.40   0.24   102.74   0.27
M    145.78   102.14   0.25   101.78   0.25
M    153.07   101.75   0.24   101.53   0.23
M    160.73   101.19   0.22   101.42   0.20
M    168.76   101.23   0.20   101.20   0.17
M    177.20   100.65   0.21   101.00   0.18
M    186.06   100.15   0.19   100.72   0.19
M    195.36   100.53   0.18   100.08   0.19
M    205.13   100.44   0.17   100.38   0.18
M    215.39   100.01   0.18   100.33   0.14
M    226.16   100.26   0.15   100.26   0.12
M    237.46   100.21   0.13   100.22   0.12
M    249.34   100.18   0.11   100.19   0.14
M    261.80   100.12   0.11   100.09   0.13
