###  1237667322723369088 0.186 30.0 99.826599
# method  r_pixel  i1_cts i1_cts_err i2_cts i2_cts_err
I      3.00   409.88   0.40   363.93   2.52
I      5.00   330.83   2.35   315.23   2.96
I      7.00   299.40   0.33   285.48   1.68
M      9.00   276.89   4.75   259.63   4.90
M     11.00   251.97   4.41   235.50   2.23
M     13.00   238.81   3.00   214.22   2.53
M     15.00   215.13   2.26   201.10   2.65
M     17.00   208.22   1.94   193.79   1.33
M     19.00   199.11   1.93   184.39   1.66
M     21.00   190.65   2.61   181.65   2.21
M     23.00   184.11   1.84   175.32   1.37
M     25.00   178.19   1.57   166.19   1.28
M     27.00   169.26   1.82   159.25   1.81
M     29.00   162.43   1.42   155.81   1.76
M     31.00   161.40   1.53   147.11   1.48
M     33.00   157.36   1.06   143.72   1.17
M     35.00   156.61   0.84   141.01   1.71
M     37.00   155.21   1.56   141.20   1.08
M     39.00   153.80   1.22   138.40   1.41
M     41.00   149.95   1.41   135.94   1.09
M     43.05   138.16   1.18   133.38   1.36
M     45.20   128.67   0.89   132.03   0.88
M     47.46   123.65   1.16   126.33   1.03
M     49.84   118.91   1.11   123.59   0.90
M     52.33   115.79   0.80   120.92   0.89
M     54.94   111.34   0.66   120.29   0.78
M     57.69   107.78   0.64   116.21   0.73
M     60.58   107.62   0.82   113.64   0.67
M     63.60   105.13   0.69   112.62   0.75
M     66.78   104.25   0.74   107.44   0.62
M     70.12   102.67   0.61   105.98   0.62
M     73.63   103.41   0.58   104.33   0.56
M     77.31   102.37   0.58   103.18   0.50
M     81.18   102.22   0.55   103.31   0.56
M     85.24   102.21   0.51   103.24   0.47
M     89.50   101.54   0.49   101.82   0.43
M     93.97   100.79   0.48   101.69   0.44
M     98.67   102.36   0.43   100.81   0.39
M    103.60   101.00   0.39   100.15   0.42
M    108.79    99.97   0.37    99.74   0.37
M    114.22   100.60   0.33    99.95   0.34
M    119.94   100.29   0.32    99.74   0.31
M    125.93    99.80   0.35    99.70   0.30
M    132.23   100.23   0.31    99.35   0.27
M    138.84    99.91   0.31    99.93   0.26
M    145.78    99.75   0.26    99.73   0.27
M    153.07    99.38   0.26    99.68   0.26
M    160.73    99.71   0.26    99.95   0.25
M    168.76   100.11   0.25    99.31   0.21
M    177.20    99.69   0.22    99.93   0.22
M    186.06    99.73   0.22    99.80   0.22
M    195.36    99.66   0.20   100.11   0.20
M    205.13    99.37   0.19    99.88   0.19
M    215.39    99.87   0.18    99.88   0.15
M    226.16    99.86   0.14    99.86   0.12
M    237.46    99.86   0.11    99.86   0.08
M    249.34    99.87   0.10    99.87   0.07
M    261.80    99.86   0.10    99.86   0.10
