###  1237667444048265310 0.186 30.0 99.639885
# method  r_pixel  i1_cts i1_cts_err i2_cts i2_cts_err
I      3.00   954.85   0.97   995.14   6.81
I      5.00   732.28   3.30   763.50   5.31
I      7.00   595.14   4.49   621.30   3.13
I      9.00   515.06   1.16   526.36   3.16
M     11.00   445.08   4.15   464.08   6.74
M     13.00   409.64   4.23   430.95   6.09
M     15.00   385.53   3.46   387.50   5.20
M     17.00   361.12   1.94   367.31   3.41
M     19.00   335.74   2.19   343.36   3.20
M     21.00   322.32   3.18   326.26   1.62
M     23.00   300.47   1.66   307.93   1.49
M     25.00   283.51   2.84   287.83   1.67
M     27.00   264.97   1.93   270.16   1.32
M     29.00   253.05   1.52   258.65   0.70
M     31.00   240.40   1.86   250.78   1.10
M     33.00   225.82   1.68   227.52   1.22
M     35.00   215.60   1.38   218.44   0.67
M     37.00   204.87   1.63   209.91   0.58
M     39.00   197.45   1.52   203.10   0.44
M     41.00   190.08   1.26   197.05   0.66
M     43.05   180.99   1.17   185.68   0.84
M     45.20   173.97   1.23   172.66   1.00
M     47.46   167.00   1.34   163.37   0.26
M     49.84   161.61   0.83   160.15   0.27
M     52.33   159.06   0.87   157.02   0.31
M     54.94   153.12   1.07   153.74   0.45
M     57.69   149.46   0.92   149.60   0.51
M     60.58   144.17   0.83   145.56   0.54
M     63.60   138.13   0.73   138.40   0.44
M     66.78   130.61   0.71   133.32   0.65
M     70.12   125.87   0.74   127.10   0.56
M     73.63   122.21   0.65   123.25   0.63
M     77.31   117.54   0.62   120.77   0.60
M     81.18   114.42   0.49   118.90   0.60
M     85.24   112.21   0.38   114.77   0.59
M     89.50   109.77   0.11   112.25   0.54
M     93.97   107.76   0.06   110.13   0.44
M     98.67   106.57   0.07   107.03   0.33
M    103.60   105.47   0.11   105.96   0.08
M    108.79   104.32   0.03   105.04   0.20
M    114.22   103.41   0.02   103.91   0.10
M    119.94   102.72   0.01   103.10   0.10
M    125.93   102.10   0.01   102.45   0.18
M    132.23   101.56   0.01   101.88   0.26
M    138.84   101.09   0.02   101.32   0.29
M    145.78   100.75   0.21   101.41   0.35
M    153.07   100.45   0.21   101.35   0.31
M    160.73   100.18   0.21   100.28   0.27
M    168.76    99.67   0.23   100.00   0.24
M    177.20    99.20   0.26    99.98   0.25
M    186.06    99.60   0.23   100.29   0.25
M    195.36    99.77   0.22   100.31   0.22
M    205.13    99.64   0.22    99.67   0.22
M    215.39    99.39   0.21   100.23   0.21
M    226.16    99.65   0.20    99.90   0.21
M    237.46    99.45   0.19    99.81   0.20
M    249.34    99.23   0.18   100.15   0.18
M    261.80    99.35   0.16    99.70   0.17
