###  1237667323797307748 0.186 30.0 99.851997
# method  r_pixel  i1_cts i1_cts_err i2_cts i2_cts_err
I      3.00   672.27   2.04   792.85   3.64
I      5.00   571.14   2.52   649.43   5.22
I      7.00   496.31   2.65   550.72   3.10
I      9.00   429.40   4.60   477.29   1.90
M     11.00   371.03   5.20   403.17   3.26
M     13.00   343.59   2.25   363.09   6.79
M     15.00   326.73   5.14   338.76   5.43
M     17.00   327.74   4.54   341.72   5.63
M     19.00   320.34   2.93   331.84   4.87
M     21.00   305.68   4.27   318.66   2.34
M     23.00   275.30   3.56   301.62   2.84
M     25.00   253.80   2.67   278.19   2.91
M     27.00   243.25   1.34   255.36   1.96
M     29.00   226.06   2.03   235.77   1.98
M     31.00   228.53   1.76   230.85   1.59
M     33.00   220.28   1.95   225.54   1.65
M     35.00   214.62   1.72   224.24   1.93
M     37.00   202.95   1.66   214.15   1.45
M     39.00   193.07   1.70   203.44   1.53
M     41.00   183.93   1.60   193.02   1.18
M     43.05   176.37   1.70   184.55   1.31
M     45.20   169.73   1.32   176.37   1.36
M     47.46   162.46   1.36   167.30   1.76
M     49.84   156.24   1.63   160.45   1.38
M     52.33   151.58   1.24   151.03   1.03
M     54.94   140.45   1.31   143.65   1.14
M     57.69   134.30   1.11   137.04   1.21
M     60.58   128.45   1.22   131.95   0.92
M     63.60   121.89   0.99   124.12   0.94
M     66.78   118.84   0.78   119.39   0.86
M     70.12   114.37   0.68   115.29   0.84
M     73.63   112.00   0.67   113.47   0.82
M     77.31   109.77   0.65   110.66   0.74
M     81.18   108.50   0.76   109.32   0.38
M     85.24   109.38   0.63   108.03   0.18
M     89.50   106.77   0.62   107.05   0.20
M     93.97   106.76   0.68   106.10   0.45
M     98.67   105.31   0.61   105.49   0.57
M    103.60   102.59   0.51   103.32   0.61
M    108.79   101.33   0.55   104.19   0.55
M    114.22   101.49   0.49   101.64   0.49
M    119.94   100.91   0.46   102.04   0.47
M    125.93   101.10   0.46   101.65   0.47
M    132.23   101.36   0.41   101.16   0.34
M    138.84   100.05   0.38   101.04   0.28
M    145.78    99.99   0.35   100.86   0.25
M    153.07    99.91   0.34   100.47   0.30
M    160.73    99.15   0.35   100.19   0.32
M    168.76    99.71   0.31   100.17   0.34
M    177.20    99.88   0.22    99.78   0.31
M    186.06    99.89   0.10    99.84   0.28
M    195.36    99.89   0.04    99.83   0.28
M    205.13    99.89   0.13   100.69   0.26
M    215.39    99.87   0.24   100.52   0.26
M    226.16    99.59   0.23   100.27   0.23
M    237.46    99.97   0.22   100.57   0.23
M    249.34    99.78   0.21    99.83   0.19
M    261.80    99.78   0.20    99.79   0.14
