###  1237667323260567703 0.186 30.0 99.655609
# method  r_pixel  i1_cts i1_cts_err i2_cts i2_cts_err
I      3.00   791.22  10.53   725.86  10.68
I      5.00   674.69   8.26   608.86  11.92
I      7.00   559.60   6.56   488.13   7.32
I      9.00   444.66   7.62   400.92   3.31
M     11.00   358.14  10.65   328.06   5.25
M     13.00   305.24   4.64   296.36   3.02
M     15.00   271.57   3.65   282.96   2.35
M     17.00   263.41   2.21   269.57   1.93
M     19.00   256.94   2.05   251.22   2.28
M     21.00   244.55   1.65   239.87   2.83
M     23.00   231.51   1.60   229.39   1.63
M     25.00   223.65   1.43   219.91   2.29
M     27.00   210.55   1.37   213.76   1.56
M     29.00   202.34   1.56   207.32   0.86
M     31.00   195.88   0.98   199.86   1.51
M     33.00   191.00   1.06   191.83   1.56
M     35.00   185.92   1.26   180.90   1.95
M     37.00   181.63   1.17   168.11   1.43
M     39.00   172.27   0.61   158.94   0.97
M     41.00   168.10   0.85   152.49   0.67
M     43.05   158.29   0.97   148.59   0.96
M     45.20   148.41   1.04   143.95   0.81
M     47.46   139.20   0.80   138.18   0.79
M     49.84   133.96   0.94   136.59   0.80
M     52.33   123.74   0.79   131.83   0.89
M     54.94   121.41   0.54   127.72   0.69
M     57.69   117.70   0.67   124.05   0.57
M     60.58   113.88   0.52   119.11   0.44
M     63.60   112.62   0.52   115.07   0.34
M     66.78   111.24   0.36   111.93   0.28
M     70.12   109.55   0.37   109.97   0.28
M     73.63   107.88   0.31   108.09   0.16
M     77.31   107.23   0.46   107.01   0.03
M     81.18   105.99   0.46   106.38   0.03
M     85.24   106.32   0.41   104.59   0.10
M     89.50   105.55   0.36   103.40   0.03
M     93.97   104.14   0.38   102.78   0.02
M     98.67   103.23   0.37   102.57   0.01
M    103.60   102.41   0.33   102.46   0.05
M    108.79   102.08   0.33   102.16   0.06
M    114.22   102.53   0.30   101.79   0.12
M    119.94   102.07   0.30   101.29   0.22
M    125.93   101.24   0.34   100.75   0.21
M    132.23   100.85   0.28   100.41   0.19
M    138.84   100.39   0.25   100.08   0.25
M    145.78   100.06   0.22    99.86   0.26
M    153.07   100.02   0.20   100.05   0.24
M    160.73    99.97   0.21    99.82   0.22
M    168.76   100.20   0.21    99.68   0.21
M    177.20   100.02   0.20    99.48   0.21
M    186.06    99.69   0.20    99.68   0.21
M    195.36    99.42   0.18    99.75   0.18
M    205.13    99.79   0.17    99.71   0.17
M    215.39    99.69   0.15    99.70   0.16
M    226.16    99.72   0.15    99.73   0.16
M    237.46    99.74   0.13    99.72   0.16
M    249.34    99.71   0.11    99.69   0.10
M    261.80    99.69   0.11    99.71   0.07
