###  1237667444585529472 0.186 30.0 99.064987
# method  r_pixel  i1_cts i1_cts_err i2_cts i2_cts_err
I      3.00  1289.43  26.18  1766.74  52.68
I      5.00   751.71  14.47   998.67  29.88
I      7.00   484.91   8.76   635.47  19.15
I      9.00   347.43  10.01   429.46  10.47
I     11.00   277.24   2.76   320.70   6.53
M     13.00   228.81   4.77   265.24   5.30
M     15.00   196.34   2.71   213.85   6.10
M     17.00   187.92   2.69   200.83   2.31
M     19.00   175.23   2.00   174.61   2.60
M     21.00   164.11   2.14   164.89   1.63
M     23.00   158.57   1.96   163.92   2.20
M     25.00   151.11   2.42   163.85   2.64
M     27.00   138.39   1.88   159.94   1.87
M     29.00   134.01   1.55   147.50   2.43
M     31.00   131.04   1.41   133.64   1.63
M     33.00   128.52   1.61   126.57   1.82
M     35.00   123.68   1.69   124.36   2.22
M     37.00   119.81   1.68   123.98   1.20
M     39.00   118.66   1.31   124.16   1.90
M     41.00   120.02   1.86   116.34   1.39
M     43.05   118.95   1.68   121.79   1.29
M     45.20   118.41   1.48   120.18   1.56
M     47.46   122.61   1.44   118.05   1.00
M     49.84   120.50   1.06   117.36   1.30
M     52.33   118.09   1.35   114.14   1.00
M     54.94   113.27   1.03   112.03   1.07
M     57.69   113.93   1.04   107.89   1.07
M     60.58   109.99   0.97   107.40   1.11
M     63.60   108.73   0.94   107.58   0.91
M     66.78   107.19   0.69   105.45   0.90
M     70.12   105.00   0.41   105.03   0.87
M     73.63   104.74   0.27   103.49   0.94
M     77.31   104.52   0.31   104.26   0.74
M     81.18   104.20   0.30   105.46   0.80
M     85.24   103.90   0.40   104.97   0.79
M     89.50   103.65   0.47   103.52   0.66
M     93.97   103.22   0.54   102.07   0.64
M     98.67   102.40   0.69   102.62   0.64
M    103.60   101.97   0.65   100.16   0.59
M    108.79   100.94   0.56   100.54   0.52
M    114.22   100.24   0.56   100.35   0.21
M    119.94    99.68   0.50   100.04   0.06
M    125.93   101.51   0.49    99.66   0.02
M    132.23    99.95   0.44    99.40   0.01
M    138.84    99.30   0.40    99.25   0.01
M    145.78    99.18   0.40    99.02   0.06
M    153.07    98.74   0.35    98.71   0.15
M    160.73    98.98   0.39    98.59   0.27
M    168.76    98.18   0.34    98.68   0.29
M    177.20    98.70   0.33    98.89   0.38
M    186.06    98.90   0.33    98.34   0.34
M    195.36    99.32   0.32    98.70   0.34
M    205.13    98.79   0.29    98.69   0.25
M    215.39    98.84   0.28    98.96   0.21
M    226.16    99.77   0.28    99.24   0.19
M    237.46    99.63   0.26    99.34   0.23
M    249.34    99.54   0.25    99.46   0.25
M    261.80   100.10   0.24   100.34   0.26
