###  1237665441515896903 0.186 30.0 99.930222
# method  r_pixel  i1_cts i1_cts_err i2_cts i2_cts_err
I      3.00   996.15  20.41   968.97  31.63
I      5.00   601.09  12.87   575.23   5.10
I      7.00   434.96   5.76   436.40   7.89
I      9.00   348.45   3.68   347.91   3.53
M     11.00   289.54   6.76   298.57   4.02
M     13.00   257.59   2.67   257.19   2.96
M     15.00   231.26   4.58   228.21   4.03
M     17.00   203.55   2.74   203.73   2.69
M     19.00   176.28   3.65   184.41   1.53
M     21.00   162.73   1.88   164.56   2.70
M     23.00   148.52   1.86   153.75   2.27
M     25.00   141.93   1.63   139.77   1.68
M     27.00   132.53   1.56   136.99   2.17
M     29.00   124.36   1.84   127.27   1.58
M     31.00   119.70   1.90   119.22   1.74
M     33.00   117.05   1.18   114.71   1.55
M     35.00   111.88   1.11   112.21   0.97
M     37.00   109.15   1.33   109.16   1.31
M     39.00   106.76   1.20   108.03   1.71
M     41.00   104.81   1.10   106.16   1.72
M     43.05   104.65   0.82   109.49   1.56
M     45.20   103.60   0.95   107.07   1.89
M     47.46   102.94   0.70   108.00   2.25
M     49.84   102.11   1.05   104.03   1.47
M     52.33   101.05   0.92   101.09   1.09
M     54.94    99.84   0.94   101.51   0.75
M     57.69   100.68   0.85   101.33   0.75
M     60.58   100.45   0.64    99.96   1.01
M     63.60   100.23   0.62   100.99   0.65
M     66.78   100.19   0.62   100.03   0.87
M     70.12   100.17   0.55    99.86   0.64
M     73.63   100.11   0.49   100.87   0.66
M     77.31   100.12   0.48   100.03   0.63
M     81.18   100.13   0.52   100.44   0.67
M     85.24   100.58   0.55    99.68   0.63
M     89.50    99.47   0.52   100.09   0.53
M     93.97   101.01   0.53    99.11   0.46
M     98.67   100.98   0.47    99.95   0.43
M    103.60    99.04   0.46   100.06   0.48
M    108.79    99.15   0.42   100.11   0.42
M    114.22   100.11   0.33   100.39   0.42
M    119.94   100.05   0.33    99.55   0.46
M    125.93    99.86   0.39    99.44   0.46
M    132.23    99.14   0.41    99.48   0.37
M    138.84   100.68   0.33    99.66   0.27
M    145.78    99.90   0.35    99.82   0.21
M    153.07    99.88   0.32    99.93   0.20
M    160.73    99.57   0.32    99.94   0.24
M    168.76    99.69   0.29    99.94   0.28
M    177.20   100.19   0.28    99.89   0.28
M    186.06    99.44   0.27    99.86   0.28
M    195.36   100.01   0.25    99.43   0.27
M    205.13    99.85   0.23    99.78   0.25
M    215.39    99.25   0.23    99.43   0.26
M    226.16    99.47   0.22    99.08   0.26
M    237.46   100.25   0.21    99.80   0.23
M    249.34    99.77   0.19    99.62   0.22
M    261.80   100.03   0.15   100.06   0.22
