###  1237667323797700661 0.186 30.0 99.8981411578
# method  r_pixel  i1_cts i1_cts_err i2_cts i2_cts_err
I      3.00   340.31   2.77   416.34   0.48
I      5.00   257.83   2.60   330.92   1.31
I      7.00   231.77   3.26   266.78   1.65
M      9.00   196.93   4.49   225.41   5.80
M     11.00   186.22   2.92   191.45   4.63
M     13.00   167.10   2.89   175.82   2.26
M     15.00   164.44   2.22   162.52   3.10
M     17.00   151.20   2.77   156.01   2.70
M     19.00   138.20   1.88   150.54   1.82
M     21.00   137.46   1.39   145.36   1.53
M     23.00   131.57   1.50   142.04   1.34
M     25.00   131.89   1.50   137.50   1.62
M     27.00   126.57   1.28   132.98   1.49
M     29.00   122.10   0.97   130.09   1.36
M     31.00   121.34   1.26   129.07   1.43
M     33.00   119.93   1.48   125.25   1.39
M     35.00   115.83   1.30   122.18   1.69
M     37.00   114.61   1.40   121.19   1.47
M     39.00   114.07   1.45   117.95   1.08
M     41.00   113.15   1.24   114.65   1.72
M     43.05   111.32   1.14   111.69   1.36
M     45.20   110.10   1.16   111.08   1.02
M     47.46   109.55   0.73   110.15   1.11
M     49.84   107.64   0.38   107.34   1.31
M     52.33   106.51   0.61   108.29   0.96
M     54.94   105.77   0.56   104.83   1.19
M     57.69   104.50   0.57   105.79   0.91
M     60.58   104.09   0.58   104.27   0.70
M     63.60   103.77   0.51   103.35   0.71
M     66.78   103.46   0.44   102.95   0.80
M     70.12   103.14   0.40   103.72   0.88
M     73.63   101.74   0.39   101.66   0.72
M     77.31   101.74   0.32   102.81   0.69
M     81.18   101.48   0.20   102.18   0.68
M     85.24   101.06   0.20   102.50   0.68
M     89.50   100.61   0.30   101.86   0.58
M     93.97   100.19   0.04   100.61   0.56
M     98.67   100.15   0.00    99.86   0.57
M    103.60   100.26   0.00   100.83   0.51
M    108.79   100.18   0.01   100.59   0.46
M    114.22   100.05   0.11   100.84   0.49
M    119.94    99.87   0.18   101.08   0.44
M    125.93    99.71   0.24    99.73   0.41
M    132.23    99.83   0.24    99.80   0.37
M    138.84   100.03   0.27   100.72   0.37
M    145.78    99.96   0.27   100.89   0.33
M    153.07    99.73   0.31    99.75   0.20
M    160.73    99.73   0.25    99.71   0.12
M    168.76    99.83   0.24    99.81   0.06
M    177.20    99.95   0.24    99.93   0.06
M    186.06   100.05   0.24   100.06   0.07
M    195.36    99.89   0.26   100.05   0.08
M    205.13    99.96   0.18   100.00   0.07
M    215.39    99.90   0.10    99.94   0.15
M    226.16    99.83   0.04   101.40   0.25
M    237.46    99.77   0.00   100.21   0.22
M    249.34    99.74   0.00    99.74   0.18
M    261.80    99.82   0.02    99.82   0.18
