###  1237667323260436605 0.186 30.0 99.937096
# method  r_pixel  i1_cts i1_cts_err i2_cts i2_cts_err
I      3.00   527.77  10.30   693.26  17.84
I      5.00   321.95   3.91   428.52  12.43
I      7.00   230.47   1.33   282.76   8.17
I      9.00   189.98   1.04   210.44   3.10
M     11.00   167.76   2.39   179.30   4.09
M     13.00   146.85   1.43   152.17   3.28
M     15.00   142.17   2.20   141.77   1.71
M     17.00   131.22   1.40   131.93   1.52
M     19.00   122.44   1.51   128.33   1.44
M     21.00   118.66   1.19   124.59   0.76
M     23.00   116.94   0.99   125.17   1.65
M     25.00   115.10   1.03   122.41   1.63
M     27.00   111.84   0.64   113.27   0.92
M     29.00   108.56   0.93   110.57   0.28
M     31.00   107.08   0.95   108.65   0.21
M     33.00   106.86   1.05   107.27   0.19
M     35.00   105.69   0.77   105.45   0.24
M     37.00   105.53   0.68   104.99   0.18
M     39.00   103.52   0.73   104.34   0.11
M     41.00   102.93   0.65   103.89   0.09
M     43.05   103.40   0.80   103.46   0.57
M     45.20   102.03   0.75   102.96   0.23
M     47.46   101.76   0.61   101.68   0.48
M     49.84   101.30   0.54   101.42   0.29
M     52.33   100.63   0.61   101.18   0.41
M     54.94   100.84   0.64   100.91   0.57
M     57.69   100.22   0.60   101.09   0.54
M     60.58   100.42   0.50   100.31   0.68
M     63.60   100.32   0.34    99.28   0.54
M     66.78   100.18   0.26    99.13   0.54
M     70.12   100.12   0.26    99.79   0.64
M     73.63   100.10   0.26    99.70   0.53
M     77.31   100.07   0.36    98.46   0.41
M     81.18   100.04   0.39    99.68   0.43
M     85.24    99.86   0.40    99.35   0.42
M     89.50   100.04   0.31    99.87   0.40
M     93.97    99.99   0.18    99.27   0.40
M     98.67    99.91   0.12    99.39   0.35
M    103.60    99.87   0.07    99.27   0.35
M    108.79    99.86   0.04    99.74   0.30
M    114.22    99.88   0.06    99.85   0.25
M    119.94    99.95   0.10    99.93   0.21
M    125.93    99.98   0.15    99.98   0.18
M    132.23    99.99   0.23    99.99   0.16
M    138.84   100.12   0.25    99.96   0.15
M    145.78    99.56   0.24    99.85   0.16
M    153.07   100.66   0.23    99.81   0.20
M    160.73    99.67   0.23    99.83   0.22
M    168.76   100.17   0.22    99.72   0.20
M    177.20   100.02   0.19    99.85   0.18
M    186.06    99.88   0.20    99.84   0.16
M    195.36    99.84   0.14    99.84   0.17
M    205.13    99.86   0.14    99.86   0.16
M    215.39    99.88   0.16    99.96   0.17
M    226.16    99.83   0.16    99.56   0.15
M    237.46   100.00   0.15    99.88   0.15
M    249.34   100.01   0.11    99.85   0.15
M    261.80   100.03   0.12   100.03   0.13
