###  1237667253482618902 0.1861 30.0 99.635345
# method  r_pixel  i1_cts i1_cts_err i2_cts i2_cts_err
I      3.00  3661.59 184.50  1089.23  16.31
I      5.00  4738.65 533.87   836.49   8.23
I      7.00  3952.37 594.24   653.83   6.07
I      9.00  2601.40 313.04   551.51   5.71
M     11.00  1674.05 187.16   498.25   7.03
M     13.00  1268.63 105.61   464.62   4.15
M     15.00   876.53  58.50   429.30   3.26
M     17.00   692.35  15.60   417.87   2.14
M     19.00   590.29  11.84   406.22   2.45
M     21.00   524.64   5.02   404.12   2.11
M     23.00   476.85   4.08   384.33   3.69
M     25.00   453.60   1.91   359.65   6.28
M     27.00   445.90   2.38   326.70   5.16
M     29.00   436.78   4.07   305.47   2.66
M     31.00   425.87   4.52   292.99   2.21
M     33.00   395.75   6.27   285.00   2.03
M     35.00   361.17  10.10   283.13   2.36
M     37.00   332.59   9.76   277.14   3.63
M     39.00   303.17   8.55   268.78   2.67
M     41.00   279.65   6.03   254.80   1.67
M     43.05   271.67   5.64   239.16   1.75
M     45.20   256.51   4.75   231.50   1.19
M     47.46   242.05   4.02   222.70   0.97
M     49.84   236.13   3.62   216.13   1.39
M     52.33   235.90   3.47   209.24   1.23
M     54.94   238.57   4.00   200.19   0.98
M     57.69   246.94   4.57   188.45   1.12
M     60.58   248.91   4.68   177.96   0.86
M     63.60   241.23   5.25   170.19   0.70
M     66.78   227.23   6.48   164.40   1.03
M     70.12   213.66   5.17   156.93   0.85
M     73.63   202.28   4.18   152.66   0.89
M     77.31   204.59   4.45   144.05   0.65
M     81.18   189.48   5.65   134.55   0.64
M     85.24   181.24   5.13   129.36   0.65
M     89.50   171.36   3.62   125.85   0.57
M     93.97   165.02   2.97   123.69   0.60
M     98.67   157.11   1.07   119.15   0.48
M    103.60   154.07   0.86   116.30   0.47
M    108.79   149.24   0.93   115.63   0.39
M    114.22   144.18   0.93   113.09   0.36
M    119.94   136.28   0.95   115.18   0.36
M    125.93   127.01   0.76   113.32   0.31
M    132.23   118.82   0.56   112.37   0.29
M    138.84   113.32   0.40   109.69   0.27
M    145.78   109.90   0.37   106.67   0.24
M    153.07   107.52   0.34   106.02   0.13
M    160.73   105.58   0.29   105.46   0.24
M    168.76   103.44   0.20   103.31   0.27
M    177.20   102.50   0.08   102.09   0.21
M    186.06   101.78   0.07   101.69   0.21
M    195.36   101.24   0.05   101.85   0.22
M    205.13   100.77   0.04   101.61   0.21
M    215.39   100.56   0.02   101.08   0.21
M    226.16   100.40   0.01   100.45   0.20
M    237.46   100.30   0.01   100.29   0.19
M    249.34   100.20   0.01    99.97   0.17
M    261.80   100.14   0.01    99.97   0.17
