###  1237667324335226892 0.1859 30.0 99.903778
# method  r_pixel  i1_cts i1_cts_err i2_cts i2_cts_err
I      3.00   706.80   1.80   541.97   1.02
I      5.00   552.16   3.03   411.69   0.97
I      7.00   417.43   5.23   327.69   9.29
I      9.00   340.50   3.09   264.40   2.55
M     11.00   281.51   4.90   217.97   5.86
M     13.00   231.06   4.18   202.57   3.24
M     15.00   200.71   5.79   175.78   3.78
M     17.00   185.81   2.58   162.88   3.06
M     19.00   165.33   3.07   150.51   2.83
M     21.00   153.89   3.25   142.60   2.81
M     23.00   140.39   2.60   130.85   2.09
M     25.00   136.14   2.08   127.26   2.71
M     27.00   132.57   2.67   129.97   2.00
M     29.00   123.61   2.74   121.12   1.87
M     31.00   123.54   2.56   123.19   2.40
M     33.00   120.09   1.88   118.83   1.93
M     35.00   120.64   2.22   114.73   2.04
M     37.00   114.81   2.06   117.48   1.86
M     39.00   114.33   0.79   117.92   2.72
M     41.00   114.01   0.03   112.78   1.66
M     43.05   112.21   0.00   112.47   1.73
M     45.20   112.20   0.00   112.00   1.49
M     47.46   112.20   0.00   114.53   1.61
M     49.84   112.19   0.00   122.89   1.97
M     52.33   112.18   0.00   130.78   2.29
M     54.94   112.18   0.01   113.16   2.47
M     57.69   112.12   0.67   107.85   1.32
M     60.58   105.75   0.91   106.05   1.17
M     63.60   103.16   1.15   106.62   1.03
M     66.78   104.38   1.08   106.60   0.84
M     70.12   102.83   0.86   105.06   0.70
M     73.63   103.98   0.93   105.26   0.90
M     77.31   103.05   0.83   104.80   0.82
M     81.18   102.48   0.88   104.93   0.97
M     85.24   100.82   0.83   102.87   0.72
M     89.50   101.36   0.68   103.18   0.87
M     93.97   101.15   0.64   104.88   0.81
M     98.67    99.88   0.71   100.99   0.80
M    103.60   100.31   0.67   101.03   0.73
M    108.79   100.68   0.56   100.50   0.72
M    114.22   101.30   0.58   101.59   0.66
M    119.94   101.17   0.55   102.07   0.60
M    125.93   100.95   0.52    99.88   0.30
M    132.23    99.76   0.48    99.94   0.01
M    138.84    99.86   0.41    99.98   0.01
M    145.78    99.95   0.30    99.96   0.00
M    153.07    99.98   0.29    99.94   0.00
M    160.73    99.96   0.26    99.90   0.00
M    168.76    99.90   0.30    99.95   0.25
M    177.20    99.89   0.34    99.98   0.36
M    186.06    99.67   0.32   100.00   0.37
M    195.36    99.59   0.30    99.83   0.34
M    205.13    99.76   0.29    99.84   0.33
M    215.39    99.59   0.28    99.85   0.35
M    226.16   100.03   0.25    99.68   0.32
M    237.46    99.92   0.22    99.85   0.28
