###  1237667444585988328 0.186 30.0 99.658356
# method  r_pixel  i1_cts i1_cts_err i2_cts i2_cts_err
I      3.00   605.64   0.71   824.84   1.47
I      5.00   394.83   2.72   504.62   5.16
I      7.00   310.73   5.52   361.78   1.80
I      9.00   268.00   0.54   289.27   3.90
M     11.00   230.29   3.48   252.41   5.01
M     13.00   210.81   1.03   224.99   1.08
M     15.00   198.37   3.12   207.09   2.71
M     17.00   190.78   1.46   195.37   2.11
M     19.00   179.64   2.04   184.64   1.84
M     21.00   170.75   1.02   177.14   2.31
M     23.00   167.04   1.92   168.04   1.64
M     25.00   158.91   1.93   162.51   1.94
M     27.00   156.22   1.88   155.49   1.51
M     29.00   152.06   1.26   155.74   1.97
M     31.00   146.28   1.35   150.18   1.21
M     33.00   143.14   1.73   145.84   1.66
M     35.00   138.32   1.28   139.18   1.28
M     37.00   135.31   1.51   133.02   1.49
M     39.00   131.69   1.50   132.44   1.67
M     41.00   128.96   1.18   131.02   1.13
M     43.05   124.68   1.09   130.34   1.29
M     45.20   123.43   1.32   126.23   0.79
M     47.46   121.99   0.81   123.78   0.51
M     49.84   119.19   1.04   122.41   0.52
M     52.33   118.29   1.06   119.19   0.45
M     54.94   116.00   1.06   114.05   0.37
M     57.69   112.73   1.06   113.04   0.20
M     60.58   113.26   0.77   111.73   0.08
M     63.60   111.21   0.82   110.81   0.04
M     66.78   109.36   0.64   110.07   0.03
M     70.12   109.77   0.77   109.39   0.03
M     73.63   108.57   0.57   108.63   0.04
M     77.31   107.99   0.60   107.79   0.04
M     81.18   107.46   0.60   106.69   0.07
M     85.24   105.35   0.60   105.47   0.05
M     89.50   103.85   0.66   104.71   0.03
M     93.97   104.69   0.53   104.05   0.02
M     98.67   103.40   0.55   103.47   0.02
M    103.60   102.75   0.51   102.93   0.09
M    108.79   102.77   0.48   102.43   0.28
M    114.22   101.93   0.44   101.84   0.34
M    119.94   102.00   0.45   101.40   0.40
M    125.93   101.04   0.38   100.53   0.37
M    132.23   100.82   0.30   100.18   0.39
M    138.84   100.61   0.33   100.56   0.35
M    145.78    99.74   0.37   100.16   0.33
M    153.07   100.47   0.36    99.79   0.32
M    160.73   100.15   0.34    99.51   0.32
M    168.76    99.65   0.33    99.70   0.29
M    177.20    99.69   0.28    99.41   0.28
M    186.06    99.66   0.27    99.66   0.25
M    195.36    99.69   0.26    99.67   0.25
M    205.13    99.69   0.24    99.68   0.25
M    215.39    99.68   0.23    99.68   0.13
M    226.16    99.81   0.23    99.71   0.07
M    237.46   100.19   0.22    99.79   0.19
M    249.34    99.55   0.22    99.84   0.19
M    261.80    99.29   0.21    99.81   0.18
