###  1237665440442089601 0.186 30.0 99.574715
# method  r_pixel  i1_cts i1_cts_err i2_cts i2_cts_err
I      3.00   900.32  11.81  1221.65  18.33
I      5.00   674.20   9.35   896.86  10.64
I      7.00   513.20   1.49   640.59   7.23
I      9.00   405.28   2.69   466.46   3.49
M     11.00   325.41   7.18   372.99   9.19
M     13.00   283.21   2.08   304.90   4.37
M     15.00   254.12   3.75   275.27   3.21
M     17.00   233.70   1.71   245.62   2.56
M     19.00   215.69   2.62   228.50   2.19
M     21.00   203.62   1.65   213.98   2.19
M     23.00   190.50   1.33   200.52   2.00
M     25.00   183.06   1.83   186.75   1.40
M     27.00   170.09   1.31   174.26   2.13
M     29.00   165.04   1.19   172.17   1.53
M     31.00   160.66   1.01   163.11   1.28
M     33.00   154.89   1.17   158.75   1.25
M     35.00   153.58   1.21   154.22   1.18
M     37.00   152.36   0.96   152.54   1.29
M     39.00   145.50   0.81   148.83   1.33
M     41.00   143.14   1.17   147.25   1.03
M     43.05   138.95   0.84   141.20   1.36
M     45.20   134.57   1.14   136.15   0.92
M     47.46   128.74   1.41   132.09   1.09
M     49.84   127.69   0.93   128.60   1.04
M     52.33   125.73   0.79   124.34   0.81
M     54.94   123.49   0.82   124.20   0.71
M     57.69   122.58   0.98   123.24   0.83
M     60.58   122.74   0.94   121.27   0.74
M     63.60   122.15   1.11   118.38   0.67
M     66.78   120.81   0.93   117.78   0.52
M     70.12   117.93   0.82   116.55   0.42
M     73.63   114.51   0.47   115.01   0.27
M     77.31   111.22   0.52   111.57   0.20
M     81.18   108.58   0.48   108.65   0.15
M     85.24   107.44   0.56   107.08   0.09
M     89.50   105.61   0.52   106.01   0.07
M     93.97   105.24   0.45   105.47   0.04
M     98.67   104.88   0.29   104.98   0.04
M    103.60   104.04   0.17   104.15   0.07
M    108.79   103.20   0.23   103.28   0.05
M    114.22   102.70   0.27   102.73   0.04
M    119.94   102.44   0.35   102.31   0.03
M    125.93   101.69   0.34   101.86   0.21
M    132.23   101.65   0.34   101.46   0.32
M    138.84   100.63   0.31   100.89   0.31
M    145.78   100.15   0.25    99.93   0.28
M    153.07   100.13   0.18   101.33   0.28
M    160.73   100.11   0.23   100.36   0.26
M    168.76    99.98   0.24    99.83   0.25
M    177.20    99.79   0.22    99.74   0.21
M    186.06    99.66   0.22    99.66   0.22
M    195.36    99.55   0.21    99.52   0.22
M    205.13    99.54   0.19    99.62   0.20
M    215.39    99.53   0.18    99.31   0.20
M    226.16    99.37   0.19    99.27   0.20
M    237.46    99.21   0.19    99.75   0.18
M    249.34    99.79   0.18    99.66   0.16
M    261.80    99.39   0.16    99.66   0.13
