###  1237667323797504020 0.186 30.0 99.863472
# method  r_pixel  i1_cts i1_cts_err i2_cts i2_cts_err
I      3.00  4017.99  52.51  4275.18  39.32
I      5.00  2481.15  35.79  2606.53  29.83
I      7.00  1522.82  24.45  1617.35  16.29
I      9.00   994.12  13.92  1068.14  10.65
M     11.00   715.08  29.75   750.28  26.41
M     13.00   516.70  20.64   538.26  17.23
M     15.00   399.47   9.95   408.67  11.60
M     17.00   317.08   8.35   323.25   7.45
M     19.00   266.05   4.77   265.36   3.96
M     21.00   226.70   3.44   233.57   2.17
M     23.00   198.43   2.40   207.25   2.27
M     25.00   185.36   1.76   185.72   1.40
M     27.00   170.06   2.05   177.31   1.29
M     29.00   163.53   1.42   163.22   1.71
M     31.00   156.74   1.09   158.36   1.31
M     33.00   150.21   1.52   151.06   1.03
M     35.00   146.12   1.19   147.06   1.17
M     37.00   144.60   1.24   145.05   0.99
M     39.00   145.83   0.99   141.58   1.21
M     41.00   142.92   0.96   139.87   1.57
M     43.05   138.65   1.43   136.07   1.16
M     45.20   135.41   1.04   132.10   1.27
M     47.46   128.91   1.11   131.27   1.19
M     49.84   125.15   0.97   124.67   1.13
M     52.33   118.98   0.83   117.11   0.81
M     54.94   113.60   0.91   116.11   0.83
M     57.69   111.62   0.64   111.43   0.78
M     60.58   109.08   0.71   109.23   0.68
M     63.60   106.24   0.76   107.21   0.64
M     66.78   105.30   0.55   105.64   0.54
M     70.12   103.53   0.59   103.97   0.61
M     73.63   103.13   0.54   104.14   0.61
M     77.31   102.41   0.54   103.63   0.65
M     81.18   101.99   0.43   101.74   0.52
M     85.24   102.11   0.49   101.42   0.12
M     89.50   101.26   0.48   101.02   0.01
M     93.97   101.55   0.47   100.77   0.01
M     98.67   101.45   0.41   100.57   0.00
M    103.60   100.59   0.43   100.54   0.00
M    108.79   100.17   0.40   100.51   0.00
M    114.22    99.85   0.35   100.38   0.00
M    119.94    99.96   0.41   100.23   0.01
M    125.93    99.37   0.35   100.03   0.14
M    132.23    98.87   0.30    99.90   0.24
M    138.84   100.35   0.31   100.00   0.28
M    145.78   100.05   0.28   100.06   0.22
M    153.07    99.99   0.21    99.98   0.18
M    160.73    99.91   0.11    99.89   0.18
M    168.76    99.75   0.08    99.76   0.16
M    177.20    99.68   0.12    99.65   0.24
M    186.06    99.81   0.16   100.13   0.24
M    195.36    99.77   0.23    99.77   0.23
M    205.13    99.88   0.18    99.81   0.22
M    215.39    99.87   0.14    99.88   0.20
M    226.16    99.89   0.14    99.89   0.19
M    237.46    99.87   0.15    99.87   0.13
M    249.34   100.00   0.18    99.81   0.09
M    261.80    99.79   0.17    99.78   0.06
