###  1237667324334637152 0.1859 30.0 99.405205
# method  r_pixel  i1_cts i1_cts_err i2_cts i2_cts_err
I      3.00  4793.70  40.22  6503.95 129.83
I      5.00  2774.07  15.74  3707.58  63.79
I      7.00  1721.08   9.40  2240.71  34.13
M      9.00  1167.07  53.90  1505.96  80.82
M     11.00   833.79  29.89  1024.52  42.95
M     13.00   650.69  14.53   771.71  20.26
M     15.00   549.05  10.37   612.00  14.57
M     17.00   462.54   5.52   523.28   8.90
M     19.00   401.18   4.24   440.70   7.09
M     21.00   349.78   4.30   395.70   5.03
M     23.00   318.25   3.86   336.21   3.70
M     25.00   276.95   3.15   306.69   3.36
M     27.00   260.43   2.31   278.43   2.09
M     29.00   241.82   1.64   259.57   1.36
M     31.00   221.00   1.69   237.68   2.17
M     33.00   203.49   2.10   220.01   1.99
M     35.00   190.51   1.65   202.71   1.51
M     37.00   177.47   1.17   186.56   1.55
M     39.00   167.85   1.70   172.86   1.22
M     41.00   160.28   1.72   165.86   1.66
M     43.05   153.00   1.11   157.09   1.28
M     45.20   147.39   1.21   149.04   1.35
M     47.46   140.68   1.47   144.14   1.29
M     49.84   133.53   1.31   136.64   0.88
M     52.33   127.25   1.11   132.93   0.90
M     54.94   123.81   0.93   126.03   1.22
M     57.69   121.15   0.83   117.56   1.06
M     60.58   114.72   0.79   117.78   0.77
M     63.60   113.00   0.36   114.78   0.49
M     66.78   110.70   0.33   111.27   0.51
M     70.12   108.96   0.10   109.22   0.65
M     73.63   107.42   0.09   107.46   0.71
M     77.31   106.19   0.07   106.38   0.71
M     81.18   105.16   0.15   105.36   0.64
M     85.24   104.17   0.08   103.57   0.64
M     89.50   102.39   0.04   102.25   0.56
M     93.97   102.16   0.01   102.78   0.51
M     98.67   101.98   0.01   102.40   0.48
M    103.60   101.81   0.01   100.53   0.51
M    108.79   101.28   0.03   100.44   0.49
M    114.22   100.65   0.01    99.31   0.48
M    119.94   100.39   0.01   100.06   0.41
M    125.93   100.16   0.01   100.21   0.38
M    132.23    99.96   0.01    99.88   0.37
M    138.84    99.80   0.12    99.72   0.32
M    145.78    99.70   0.28    99.66   0.30
M    153.07    99.66   0.31    99.68   0.31
M    160.73    99.74   0.34    99.69   0.30
M    168.76    99.69   0.31    99.18   0.31
M    177.20    99.37   0.29    99.16   0.29
M    186.06    99.17   0.28    99.08   0.28
M    195.36    99.26   0.27    98.67   0.26
M    205.13    99.13   0.27    99.79   0.26
M    215.39    99.23   0.24    99.31   0.25
M    226.16    99.34   0.23    99.13   0.24
M    237.46    99.40   0.22    98.48   0.23
M    249.34    99.71   0.21    99.27   0.22
M    261.80    99.38   0.20    99.07   0.20
