###  1237667444585726198 0.1859 30.0 99.863602
# method  r_pixel  i1_cts i1_cts_err i2_cts i2_cts_err
I      3.00  1204.22  10.03  1427.63   5.27
I      5.00   909.48  14.19  1118.92   2.38
I      7.00   670.44  19.27   845.93   4.01
I      9.00   547.72  12.38   646.25   6.75
M     11.00   444.17  12.27   508.87   9.65
M     13.00   377.43   9.07   441.75  10.54
M     15.00   335.59   5.85   375.59   5.30
M     17.00   307.06   3.58   328.10   5.37
M     19.00   283.00   4.21   298.69   3.91
M     21.00   257.98   3.06   272.39   2.80
M     23.00   239.09   2.50   254.49   2.77
M     25.00   226.04   2.96   241.21   3.13
M     27.00   214.68   1.96   222.57   2.06
M     29.00   199.34   1.57   207.82   1.97
M     31.00   190.95   1.57   199.67   1.95
M     33.00   183.86   1.38   189.51   1.46
M     35.00   174.52   1.61   179.98   1.19
M     37.00   167.51   1.40   171.26   1.52
M     39.00   162.54   1.25   166.24   0.96
M     41.00   159.93   1.21   162.62   1.37
M     43.05   155.62   1.01   157.54   1.06
M     45.20   149.69   1.17   153.81   1.27
M     47.46   145.40   1.14   146.20   1.31
M     49.84   144.44   1.13   143.94   0.79
M     52.33   142.93   1.02   140.11   0.84
M     54.94   141.18   1.40   136.05   0.94
M     57.69   140.38   1.36   135.29   0.79
M     60.58   137.15   1.27   133.76   0.82
M     63.60   132.33   0.97   131.25   0.60
M     66.78   130.28   0.98   130.01   0.67
M     70.12   129.61   1.23   127.18   0.61
M     73.63   124.51   0.82   125.69   0.60
M     77.31   124.99   0.61   124.80   0.59
M     81.18   121.22   0.70   124.22   0.58
M     85.24   118.97   0.64   122.44   0.54
M     89.50   116.41   0.54   119.86   0.44
M     93.97   113.47   0.55   117.44   0.45
M     98.67   110.93   0.44   114.56   0.44
M    103.60   109.26   0.43   112.40   0.39
M    108.79   108.36   0.42   110.64   0.35
M    114.22   106.70   0.45   109.37   0.33
M    119.94   105.14   0.46   108.54   0.34
M    125.93   104.81   0.41   106.77   0.27
M    132.23   104.30   0.31   105.34   0.28
M    138.84   103.90   0.29   104.72   0.29
M    145.78   103.42   0.34   104.03   0.28
M    153.07   102.35   0.35   103.96   0.27
M    160.73   102.14   0.33   103.57   0.26
M    168.76   101.96   0.29   102.76   0.25
M    177.20   100.95   0.30   102.07   0.24
M    186.06   100.18   0.28   100.87   0.24
M    195.36   101.37   0.26   101.14   0.21
M    205.13   100.78   0.25   100.67   0.21
M    215.39   100.50   0.21   100.54   0.19
M    226.16   100.54   0.18    99.93   0.19
M    237.46   100.14   0.16   100.23   0.17
M    249.34   100.15   0.19   100.40   0.17
M    261.80   100.50   0.20   100.36   0.16
