###  1237667444048724303 0.1861 30.0 99.805588
# method  r_pixel  i1_cts i1_cts_err i2_cts i2_cts_err
I      3.00   647.82   2.10   755.11   4.17
I      5.00   455.29   3.69   519.30   5.17
I      7.00   343.70   2.29   385.86   1.93
I      9.00   269.62   0.61   298.87   1.68
M     11.00   225.26   2.48   247.30   4.56
M     13.00   199.23   3.99   211.76   2.80
M     15.00   184.54   2.67   199.84   3.66
M     17.00   173.36   1.99   185.36   2.37
M     19.00   166.43   1.73   173.92   2.78
M     21.00   152.68   1.87   162.73   2.20
M     23.00   145.32   2.01   163.87   2.22
M     25.00   136.06   1.88   158.17   2.68
M     27.00   126.33   1.14   150.44   3.06
M     29.00   122.22   2.03   137.97   2.60
M     31.00   118.03   1.37   130.21   2.00
M     33.00   111.12   1.47   121.98   1.90
M     35.00   113.12   1.64   115.25   1.54
M     37.00   110.77   1.31   113.04   1.02
M     39.00   108.48   1.21   110.56   1.30
M     41.00   108.08   1.29   108.53   1.14
M     43.05   107.80   1.31   107.11   1.15
M     45.20   104.21   1.31   106.17   0.92
M     47.46   103.84   0.96   103.16   0.90
M     49.84   102.52   1.21   101.94   1.11
M     52.33   100.17   0.90   104.63   1.26
M     54.94   101.62   1.11   104.03   0.80
M     57.69   100.63   0.96   101.95   1.09
M     60.58   100.67   0.87   100.96   0.99
M     63.60   101.61   0.90   100.72   1.04
M     66.78   100.16   0.85    99.96   0.78
M     70.12    99.74   0.91    99.82   0.72
M     73.63   101.09   0.63   100.14   0.71
M     77.31   100.49   0.69   100.22   0.72
M     81.18    99.88   0.65   100.06   0.71
M     85.24   100.09   0.61   100.01   0.63
M     89.50   100.39   0.67   100.61   0.55
M     93.97    99.76   0.52   100.33   0.48
M     98.67   100.01   0.55   100.65   0.54
M    103.60   101.04   0.52    99.83   0.47
M    108.79   100.05   0.35    99.96   0.36
M    114.22   100.04   0.26   100.08   0.41
M    119.94    99.79   0.22   100.18   0.41
M    125.93    99.66   0.20    98.98   0.40
M    132.23    99.74   0.23    99.68   0.37
M    138.84    99.80   0.33    99.75   0.33
M    145.78   100.27   0.35    99.85   0.37
M    153.07   100.18   0.34    99.84   0.32
M    160.73   100.23   0.33    99.80   0.25
M    168.76    99.81   0.30    99.65   0.19
M    177.20    99.21   0.29    99.67   0.14
M    186.06    99.69   0.29    99.73   0.14
M    195.36    99.78   0.26    99.74   0.15
M    205.13    99.76   0.26    99.74   0.17
M    215.39   100.33   0.24    99.79   0.25
M    226.16    99.95   0.23    99.46   0.28
M    237.46    99.65   0.22    99.62   0.28
M    249.34    99.60   0.22   100.02   0.27
M    261.80    99.50   0.21    99.58   0.25
