###  1237667442974851236 0.1859 30.0 99.981349738
# method  r_pixel  i1_cts i1_cts_err i2_cts i2_cts_err
I      3.00   155.11   1.23   141.44   0.21
I      5.00   145.65   3.34   139.40   1.12
I      7.00   143.13   2.29   130.19   1.88
I      9.00   140.26   1.17   130.33   1.54
M     11.00   133.13   0.91   126.19   1.54
M     13.00   134.47   1.06   126.78   1.58
M     15.00   127.80   1.36   126.53   0.90
M     17.00   128.86   1.73   126.61   1.65
M     19.00   126.08   1.28   128.36   2.35
M     21.00   124.92   1.42   121.17   1.33
M     23.00   120.75   0.76   119.93   1.38
M     25.00   121.65   1.11   121.82   1.81
M     27.00   119.79   1.02   119.22   1.41
M     29.00   118.61   0.93   117.04   1.72
M     31.00   116.76   1.22   114.66   1.39
M     33.00   113.83   1.13   114.41   2.34
M     35.00   110.59   0.89   114.14   1.96
M     37.00   108.37   0.87   113.10   2.04
M     39.00   107.63   0.46   107.36   1.59
M     41.00   106.68   0.22   105.08   0.72
M     43.05   106.15   0.33   102.34   0.59
M     45.20   105.26   0.16   103.36   0.71
M     47.46   104.80   0.19   101.90   0.71
M     49.84   104.69   0.36   100.64   0.79
M     52.33   104.56   0.25   101.36   0.74
M     54.94   101.46   0.24   100.80   0.67
M     57.69   101.49   0.22   101.46   0.53
M     60.58   101.50   0.11   101.23   0.63
M     63.60   101.44   0.36   101.41   0.49
M     66.78   101.22   0.32   101.06   0.51
M     70.12   100.86   0.27   101.38   0.48
M     73.63   100.43   0.44   102.05   0.43
M     77.31   100.31   0.25   101.37   0.41
M     81.18   100.18   0.16   101.00   0.44
M     85.24   100.12   0.05   100.12   0.38
M     89.50   100.07   0.13   100.01   0.35
M     93.97   100.03   0.17    99.14   0.33
M     98.67   100.01   0.14   100.37   0.32
M    103.60   100.02   0.17   100.37   0.33
M    108.79   100.06   0.19   100.47   0.28
M    114.22   100.04   0.17   100.22   0.30
M    119.94    99.80   0.15    99.77   0.30
M    125.93    99.83   0.11   100.35   0.26
M    132.23    99.92   0.06   100.04   0.25
M    138.84    99.90   0.05   100.05   0.22
M    145.78    99.87   0.07    99.91   0.22
M    153.07    99.88   0.12    99.70   0.21
M    160.73    99.93   0.17    99.98   0.19
M    168.76    99.97   0.18    99.99   0.18
M    177.20    99.99   0.16   100.00   0.17
M    186.06   100.00   0.16    99.98   0.14
M    195.36    99.96   0.14    99.92   0.13
M    205.13    99.87   0.12    99.87   0.13
M    215.39    99.92   0.04    99.91   0.14
M    226.16    99.98   0.05    99.97   0.14
M    237.46   100.11   0.05   100.11   0.12
M    249.34   100.19   0.09   100.15   0.12
M    261.80   100.10   0.14   100.05   0.11
