1237665440979484734
1237667444585988328
1237665428090257496
1237667323798159456
1237667324334964812
1237667324334964782
1237667324334964917
1237667442438373472
1237667324334833870
1237665440442351734
1237667444585726198
1237667444585726015
1237665440979157097
1237667444048789861
1237667444585660537
1237667323797831800
1237667444585595093
1237665441515896903
1237667444585595001
1237667444048724118
1237667444048724303
1237667324334637347
1237667324334637152
1237667324334637140
1237667323797766302
1237667324334637091
1237667444585529472
1237667324334571840
1237665440442089583
1237667324334571534
1237667323797700661
1237667443511787541
1237667444048593084
1237667324334506284
1237667324334506263
1237667444048527610
1237667323260764326
1237667442974851236
1237667322723827758
1237667443511656538
1237667253482553389
1237667323797504020
1237667443511591123
1237667444048396291
1237667324334309429
1237667443511525379
1237667323260567703
1237667323260567649
1237667322723696663
1237667444585201733
1237667444048330974
1237667444585136268
1237667444048265289
1237667323797307748
1237667323260436605
1237667444585070621
1237667444048265310
1237667443511328857
1237665440978501687
1237667323260370980
