###  1237667444585988328 0.396 27.956 210.8367
# method  r_pixel  i1_cts i1_cts_err i2_cts i2_cts_err
I      3.00   391.43   7.73   354.09   5.93
I      5.00   322.51   7.04   303.30   3.14
I      7.00   285.93   2.18   281.17   3.02
I      9.00   264.24   2.53   263.34   1.12
M     11.00   257.95   2.94   248.59   2.64
M     13.00   247.55   1.45   240.26   2.17
M     15.00   244.95   2.45   238.20   1.92
M     17.00   237.14   1.74   233.01   1.64
M     19.00   230.91   1.61   230.93   1.34
M     21.00   231.94   1.99   224.69   1.83
M     23.00   226.75   1.88   227.81   1.64
M     25.00   223.63   1.83   222.61   1.38
M     27.00   220.00   1.67   218.45   1.51
M     29.00   220.51   1.58   218.97   1.43
M     31.00   219.47   1.48   218.98   1.50
M     33.00   220.52   1.14   218.98   1.57
M     35.00   217.39   1.29   219.50   1.06
M     37.00   218.43   1.18   216.38   1.67
M     39.00   214.27   1.32   215.34   1.45
M     41.00   215.32   1.38   215.34   1.28
M     43.05   211.16   1.24   216.90   1.23
M     45.20   214.27   1.18   215.34   1.10
M     47.46   213.23   0.93   214.30   0.95
M     49.84   212.20   0.92   214.31   1.07
M     52.33   210.12   0.86   210.15   1.03
M     54.94   213.23   0.89   212.23   0.95
M     57.69   213.23   0.93   212.23   0.91
M     60.58   211.67   0.93   212.23   0.81
M     63.60   212.71   0.83   210.15   0.90
M     66.78   212.19   0.81   211.19   0.80
M     70.12   211.67   0.75   211.19   0.64
M     73.63   211.15   0.72   211.20   0.61
M     77.31   211.15   0.74   210.16   0.68
M     81.18   211.15   0.70   212.24   0.61
M     85.24   211.14   0.58   211.20   0.57
M     89.50   211.14   0.55   211.20   0.59
M     93.97   210.88   0.44   210.90   0.56
M     98.67   211.14   0.53   210.92   0.42
M    103.60   211.14   0.48   210.94   0.36
M    108.79   211.14   0.45   210.91   0.34
M    114.22   211.14   0.46   210.85   0.39
M    119.94   210.10   0.44   210.80   0.31
M    125.93   211.13   0.45   210.78   0.32
M    132.23   211.13   0.40   210.18   0.40
M    138.84   210.09   0.38   211.22   0.38
M    145.78   211.13   0.36   211.22   0.36
M    153.07   211.12   0.32   210.18   0.35
M    160.73   211.12   0.33   211.22   0.33
M    168.76   211.12   0.34   210.19   0.31
M    177.20   211.12   0.32   211.22   0.32
M    186.06   210.08   0.29   211.22   0.29
M    195.36   210.99   0.29   210.20   0.27
M    205.13   211.00   0.24   211.24   0.28
M    215.39   211.11   0.28   211.24   0.29
