###  1237667322723827758 0.396 27.952 166.16234
# method  r_pixel  i1_cts i1_cts_err i2_cts i2_cts_err
I      3.00  1513.55  55.61  1300.32  33.42
I      5.00   826.23  21.46   720.89  12.74
I      7.00   541.57   6.80   489.82   7.02
I      9.00   395.19   3.20   373.81   5.19
M     11.00   323.48   4.94   321.85   4.60
M     13.00   284.59   5.64   282.66   3.75
M     15.00   264.29   3.51   262.89   2.50
M     17.00   251.18   2.82   252.22   2.06
M     19.00   242.44   2.10   238.67   1.87
M     21.00   230.89   1.95   231.85   2.11
M     23.00   228.00   0.99   223.63   1.49
M     25.00   219.74   1.98   215.41   2.32
M     27.00   210.11   1.67   208.11   2.41
M     29.00   203.30   1.22   203.78   1.14
M     31.00   199.93   0.97   195.57   1.39
M     33.00   192.19   1.13   189.30   1.44
M     35.00   191.22   1.03   184.45   1.46
M     37.00   183.46   1.11   183.48   1.36
M     39.00   181.54   0.88   181.54   1.10
M     41.00   178.63   1.12   175.72   1.14
M     43.05   173.79   0.97   175.72   0.87
M     45.20   172.83   0.87   171.86   1.33
M     47.46   172.83   0.81   171.86   0.96
M     49.84   170.88   0.85   169.92   1.33
M     52.33   169.92   0.84   169.92   0.81
M     54.94   169.92   0.76   168.96   0.56
M     57.69   167.98   0.74   168.07   0.54
M     60.58   167.98   0.76   167.66   0.57
M     63.60   167.98   0.73   167.54   0.43
M     66.78   167.98   0.64   167.28   0.57
M     70.12   166.04   0.71   167.02   0.55
M     73.63   165.08   0.57   167.00   0.58
M     77.31   166.04   0.66   167.03   0.66
M     81.18   167.01   0.61   166.65   0.47
M     85.24   167.01   0.55   167.02   0.45
M     89.50   166.04   0.56   166.05   0.52
M     93.97   166.04   0.54   166.06   0.45
M     98.67   166.04   0.43   166.06   0.43
M    103.60   166.04   0.45   166.06   0.49
M    108.79   166.04   0.43   166.05   0.43
M    114.22   166.04   0.44   166.05   0.41
M    119.94   166.04   0.39   166.06   0.39
