###  1237667324334374925 0.396 27.978 157.87018
# method  r_pixel  i1_cts i1_cts_err i2_cts i2_cts_err
I      3.00   858.83  26.52   948.47  18.35
I      5.00   590.77  14.30   631.95   7.22
I      7.00   464.30   5.93   490.15   5.27
I      9.00   405.56   5.25   393.04   2.74
M     11.00   355.88   5.36   351.30   4.13
M     13.00   324.64   5.24   311.70   5.23
M     15.00   304.48   4.06   293.43   4.89
M     17.00   276.27   3.17   278.37   3.71
M     19.00   258.71   2.84   253.33   3.52
M     21.00   248.76   2.05   239.84   3.85
M     23.00   236.71   1.47   225.27   3.01
M     25.00   226.32   1.64   220.03   2.59
M     27.00   215.95   1.56   210.73   2.65
M     29.00   208.66   1.94   200.33   1.77
M     31.00   201.40   1.28   191.48   1.51
M     33.00   194.11   1.58   185.77   1.14
M     35.00   187.88   1.40   182.58   1.37
M     37.00   182.65   1.07   176.88   1.18
M     39.00   180.05   1.24   176.34   1.37
M     41.00   173.31   1.55   171.21   1.89
M     43.05   172.26   1.28   171.17   1.19
M     45.20   171.07   1.10   169.01   1.03
M     47.46   169.79   1.24   165.40   1.25
M     49.84   168.54   0.93   162.80   1.07
M     52.33   167.09   0.92   161.22   1.04
M     54.94   165.24   0.63   160.75   0.87
M     57.69   163.76   0.51   160.73   0.70
M     60.58   162.40   0.48   159.78   0.84
M     63.60   161.80   0.60   159.15   0.67
M     66.78   161.23   0.62   159.14   0.87
M     70.12   160.80   0.66   159.70   0.65
M     73.63   158.72   0.52   158.66   0.74
M     77.31   160.79   0.70   158.75   0.65
M     81.18   160.79   0.56   158.75   0.56
M     85.24   159.75   0.59   159.02   0.44
M     89.50   159.11   0.42   158.78   0.37
M     93.97   158.73   0.31   158.69   0.31
M     98.67   158.68   0.34   158.67   0.25
M    103.60   158.60   0.37   158.68   0.37
M    108.79   157.65   0.42   158.51   0.38
M    114.22   157.65   0.44   158.38   0.37
M    119.94   157.65   0.38   156.73   0.42
M    125.93   157.64   0.37   157.69   0.40
M    132.23   157.64   0.41   157.78   0.38
