###  1237667444048658530 0.396 27.91 212.15988
# method  r_pixel  i1_cts i1_cts_err i2_cts i2_cts_err
I      3.00   553.89   1.79  1143.58  16.09
I      5.00   397.55   2.67   574.86   4.39
I      7.00   348.47   2.91   416.23   1.75
I      9.00   301.56   2.78   351.95   2.39
M     11.00   292.27   4.73   307.53   4.22
M     13.00   276.77   7.99   274.08   4.25
M     15.00   255.81   3.62   266.48   2.86
M     17.00   244.83   3.57   256.33   2.19
M     19.00   238.08   1.82   247.41   1.85
M     21.00   228.38   2.01   241.34   2.94
M     23.00   222.59   2.01   231.82   1.44
M     25.00   220.09   2.13   230.43   2.08
M     27.00   222.86   2.16   223.29   1.27
M     29.00   218.32   1.61   217.58   1.53
M     31.00   214.48   2.08   215.63   1.47
M     33.00   216.39   1.63   215.85   1.37
M     35.00   215.78   2.00   216.58   1.32
M     37.00   214.04   1.28   214.34   1.25
M     39.00   211.35   1.54   212.40   1.58
M     41.00   211.02   1.48   211.35   1.30
M     43.05   215.83   1.28   215.49   1.55
M     45.20   211.97   1.29   209.67   1.14
M     47.46   213.16   1.05   214.06   1.51
M     49.84   213.42   1.18   210.29   1.31
M     52.33   213.28   1.32   212.65   1.27
M     54.94   211.83   0.97   210.65   1.07
M     57.69   211.13   1.02   212.74   1.00
M     60.58   210.32   0.84   213.17   0.91
M     63.60   212.27   0.92   211.02   0.99
M     66.78   212.71   0.90   211.39   0.92
M     70.12   212.18   0.82   212.76   0.85
