###  1237667324334833870 0.396 27.978 163.52374
# method  r_pixel  i1_cts i1_cts_err i2_cts i2_cts_err
I      3.00   461.80   5.11   919.36  10.33
I      5.00   376.19   1.14   530.39   7.76
I      7.00   328.02   0.72   403.44   5.32
I      9.00   300.42   3.91   352.30   3.35
M     11.00   290.67   2.35   310.23   5.34
M     13.00   272.93   3.25   289.00   5.11
M     15.00   260.50   2.62   274.45   3.51
M     17.00   247.01   2.36   260.43   2.63
M     19.00   240.72   2.39   255.19   1.89
M     21.00   235.52   2.51   238.59   2.85
M     23.00   225.10   2.44   229.76   2.08
M     25.00   217.33   2.51   222.98   2.13
M     27.00   211.08   1.66   217.82   2.09
M     29.00   205.31   1.22   210.54   1.46
M     31.00   200.16   1.50   205.31   1.94
M     33.00   193.91   1.79   199.06   1.70
M     35.00   194.93   1.25   200.12   1.35
M     37.00   187.65   1.44   192.84   1.07
M     39.00   188.71   1.20   192.31   1.52
M     41.00   181.44   1.78   188.67   1.46
M     43.05   181.42   1.18   186.59   1.40
M     45.20   178.31   1.19   181.42   1.15
M     47.46   175.20   1.19   179.33   1.23
M     49.84   173.11   1.28   176.20   0.98
M     52.33   169.99   1.21   173.09   0.96
M     54.94   168.42   1.08   171.01   1.05
M     57.69   170.50   0.88   171.02   0.83
M     60.58   167.90   0.92   168.94   0.96
M     63.60   166.86   0.87   166.87   0.79
M     66.78   165.82   0.69   167.89   0.88
M     70.12   164.78   0.73   165.83   0.75
M     73.63   163.74   0.69   166.34   0.68
M     77.31   163.74   0.66   163.76   0.82
M     81.18   165.81   0.68   165.81   0.72
M     85.24   165.80   0.55   163.75   0.55
M     89.50   163.74   0.62   162.72   0.57
M     93.97   164.76   0.59   162.71   0.58
M     98.67   163.73   0.47   163.76   0.60
M    103.60   162.68   0.45   164.78   0.49
M    108.79   162.71   0.50   163.75   0.47
M    114.22   163.71   0.45   162.72   0.52
M    119.94   163.71   0.42   162.70   0.50
M    125.93   163.72   0.41   163.73   0.44
M    132.23   163.72   0.41   163.76   0.42
M    138.84   163.60   0.37   162.72   0.40
M    145.78   163.64   0.29   162.72   0.38
M    153.07   163.62   0.22   163.62   0.33
M    160.73   163.60   0.24   163.60   0.29
M    168.76   163.48   0.30   163.53   0.28
M    177.20   163.69   0.32   163.44   0.29
