###  1237667323797831683 0.396 27.932 163.13036
# method  r_pixel  i1_cts i1_cts_err i2_cts i2_cts_err
I      3.00   389.53   1.73   592.49   1.72
I      5.00   315.02   2.18   476.27   5.23
I      7.00   278.42   1.62   363.23   3.44
I      9.00   253.95   2.18   313.22   7.15
M     11.00   231.07   5.98   274.05   7.49
M     13.00   215.12   2.61   263.00   4.00
M     15.00   210.11   3.09   244.11   4.04
M     17.00   200.08   2.28   231.11   2.58
M     19.00   204.08   2.11   227.11   3.03
M     21.00   197.10   2.06   212.11   3.48
M     23.00   191.11   1.92   207.56   3.33
M     25.00   187.11   1.31   196.59   2.05
M     27.00   182.13   1.72   190.11   1.49
M     29.00   181.61   1.49   187.11   1.81
M     31.00   176.12   0.78   179.10   1.31
M     33.00   173.12   1.62   179.10   1.55
M     35.00   173.13   1.40   176.10   1.55
M     37.00   172.61   1.12   174.61   1.43
M     39.00   169.12   0.89   173.61   0.92
M     41.00   171.12   1.25   171.11   1.44
M     43.05   171.12   1.22   169.60   1.11
M     45.20   170.12   1.22   168.61   1.07
M     47.46   171.12   0.94   170.10   1.33
M     49.84   168.12   0.85   167.10   1.19
M     52.33   168.12   0.86   166.10   1.05
M     54.94   167.12   0.79   166.10   0.80
M     57.69   166.12   0.74   167.10   0.70
M     60.58   167.12   0.93   165.11   0.78
M     63.60   166.12   0.81   165.11   0.74
M     66.78   166.12   0.96   165.10   0.84
M     70.12   164.12   0.73   166.10   0.68
M     73.63   164.12   0.65   165.11   0.76
M     77.31   163.12   0.62   163.11   0.71
M     81.18   163.99   0.59   165.10   0.64
M     85.24   163.62   0.47   164.11   0.61
M     89.50   163.46   0.44   164.11   0.58
M     93.97   163.46   0.42   163.10   0.54
M     98.67   163.50   0.36   163.10   0.52
M    103.60   163.62   0.46   163.10   0.50
M    108.79   163.67   0.51   163.11   0.52
M    114.22   163.12   0.42   163.10   0.42
M    119.94   163.12   0.43   163.10   0.47
M    125.93   163.12   0.41   163.10   0.41
M    132.23   163.13   0.39   163.10   0.39
M    138.84   163.08   0.32   162.10   0.37
M    145.78   163.04   0.30   163.10   0.38
M    153.07   163.10   0.29   163.09   0.36
M    160.73   163.17   0.30   163.10   0.32
M    168.76   163.18   0.28   163.10   0.31
M    177.20   163.18   0.29   163.10   0.29
