###  1237667324334637152 0.396 27.978 162.51299
# method  r_pixel  i1_cts i1_cts_err i2_cts i2_cts_err
I      3.00  1183.90  24.84  2087.30  59.20
I      5.00   674.11   6.73   968.36  12.15
I      7.00   461.48   4.65   568.02   5.48
I      9.00   350.05   7.65   412.93   1.49
M     11.00   305.43   5.51   335.60   7.70
M     13.00   271.62   2.09   286.78   4.70
M     15.00   239.93   2.85   259.19   3.43
M     17.00   219.16   3.07   230.61   2.06
M     19.00   206.66   1.20   215.03   2.18
M     21.00   190.05   1.81   202.56   1.95
M     23.00   186.95   1.47   193.20   2.59
M     25.00   182.81   1.30   185.39   2.05
M     27.00   177.60   1.58   180.72   2.09
M     29.00   174.49   1.70   174.49   1.52
M     31.00   173.45   0.78   171.38   1.36
M     33.00   167.22   1.15   170.33   1.14
M     35.00   167.22   1.39   167.22   1.16
M     37.00   166.18   1.25   171.89   1.30
M     39.00   166.70   1.24   166.18   1.53
M     41.00   164.10   1.06   166.18   1.19
M     43.05   164.62   1.11   167.22   1.32
M     45.20   164.10   0.89   166.18   1.01
M     47.46   164.10   1.06   165.14   1.12
M     49.84   165.14   1.15   166.18   0.81
M     52.33   164.10   0.86   165.14   1.02
M     54.94   164.10   0.89   166.18   1.05
M     57.69   164.10   0.77   166.18   0.85
M     60.58   163.62   0.82   165.14   0.96
M     63.60   163.06   0.59   164.10   0.82
M     66.78   162.81   0.55   164.10   0.80
M     70.12   162.79   0.70   164.10   0.76
M     73.63   162.76   0.56   163.07   0.67
M     77.31   162.76   0.64   162.03   0.69
M     81.18   162.02   0.60   162.03   0.76
M     85.24   162.02   0.63   163.06   0.58
M     89.50   163.06   0.55   162.03   0.55
M     93.97   162.02   0.48   162.03   0.57
M     98.67   162.02   0.50   162.03   0.50
M    103.60   162.02   0.48   162.03   0.44
M    108.79   162.02   0.45   163.07   0.53
