###  1237667443511656538 0.396 27.973 215.70851
# method  r_pixel  i1_cts i1_cts_err i2_cts i2_cts_err
I      3.00   401.95   5.94   382.14   1.01
I      5.00   318.63   6.48   299.93   1.85
I      7.00   280.13   2.58   277.55   1.88
I      9.00   258.54   2.43   259.03   3.84
M     11.00   252.58   1.31   256.54   3.73
M     13.00   246.17   4.11   249.64   1.20
M     15.00   246.17   2.48   243.71   2.88
M     17.00   239.75   2.78   238.77   1.90
M     19.00   236.77   2.30   236.32   2.49
M     21.00   233.83   2.03   232.85   1.76
M     23.00   231.85   1.36   229.91   0.99
M     25.00   225.93   1.52   225.96   2.20
M     27.00   227.40   1.82   223.98   1.15
M     29.00   220.00   1.34   225.96   1.84
M     31.00   220.98   1.67   223.00   1.78
M     33.00   220.98   1.47   223.98   1.14
M     35.00   218.02   1.45   222.51   0.83
M     37.00   219.01   1.43   220.04   1.57
M     39.00   216.05   1.16   219.06   1.45
M     41.00   216.05   1.63   219.06   1.32
M     43.05   215.06   1.09   216.10   1.59
M     45.20   216.04   1.04   216.10   1.34
M     47.46   213.08   1.00   217.09   1.03
M     49.84   219.00   0.86   218.07   0.87
M     52.33   218.01   0.99   216.10   0.98
M     54.94   216.04   0.86   217.09   0.92
M     57.69   216.03   1.05   216.10   0.96
M     60.58   217.02   0.97   216.10   0.77
M     63.60   216.03   0.74   217.09   0.81
M     66.78   215.04   0.82   215.12   0.82
M     70.12   216.02   0.67   216.11   0.75
M     73.63   217.01   0.86   216.11   0.68
M     77.31   216.02   0.81   215.13   0.72
M     81.18   216.02   0.63   215.13   0.58
M     85.24   215.02   0.60   215.13   0.64
M     89.50   215.02   0.57   216.12   0.56
M     93.97   216.00   0.58   214.14   0.63
M     98.67   216.00   0.57   216.12   0.52
M    103.60   216.00   0.49   215.13   0.49
M    108.79   215.01   0.47   216.12   0.50
M    114.22   215.82   0.35   216.13   0.49
M    119.94   215.74   0.33   216.12   0.42
M    125.93   215.69   0.25   216.13   0.47
M    132.23   215.67   0.36   215.66   0.36
M    138.84   215.96   0.40   215.63   0.28
M    145.78   215.66   0.30   215.62   0.30
