###  1237667444048658529 0.396 27.91 212.66862
# method  r_pixel  i1_cts i1_cts_err i2_cts i2_cts_err
I      3.00   606.24   6.05  1339.41  20.66
I      5.00   436.97   1.76   667.05   6.26
I      7.00   368.63   1.37   440.47   4.06
M      9.00   310.80   6.31   357.90  14.58
M     11.00   289.96   3.45   315.87   6.40
M     13.00   278.83   3.49   300.53   2.61
M     15.00   264.88   1.57   281.95   3.84
M     17.00   251.92   1.93   271.47   1.95
M     19.00   251.97   1.80   259.55   2.05
M     21.00   245.41   2.10   255.68   2.24
M     23.00   239.06   1.76   244.15   1.98
M     25.00   233.68   2.26   240.60   1.67
M     27.00   235.00   1.62   233.33   1.65
M     29.00   224.24   2.52   231.82   1.60
M     31.00   225.99   1.52   228.36   1.50
M     33.00   220.03   1.71   230.29   1.77
M     35.00   219.71   1.41   221.21   1.46
M     37.00   222.02   1.63   221.30   1.41
M     39.00   217.79   1.51   219.97   1.55
M     41.00   214.32   1.37   216.44   1.44
M     43.05   215.78   1.05   218.20   1.15
M     45.20   213.54   1.62   216.13   1.51
M     47.46   210.85   1.04   216.44   1.13
M     49.84   213.74   1.07   215.31   1.16
M     52.33   211.79   1.24   215.26   0.80
M     54.94   211.67   1.16   215.94   1.07
M     57.69   212.60   0.89   214.27   0.88
M     60.58   209.65   1.03   215.28   1.06
M     63.60   212.61   1.02   213.27   0.99
M     66.78   211.37   0.84   214.28   0.80
M     70.12   211.60   0.80   215.29   0.75
M     73.63   211.62   0.81   214.27   0.67
M     77.31   210.60   0.79   214.32   0.77
M     81.18   212.25   0.76   213.33   0.65
