###  1237667324334637347 0.396 27.978 162.65073
# method  r_pixel  i1_cts i1_cts_err i2_cts i2_cts_err
I      3.00   683.45   8.60  1663.48  23.01
I      5.00   413.65   8.28   852.20   6.18
I      7.00   315.27   2.16   493.09   3.74
I      9.00   256.31   3.61   337.43   5.70
M     11.00   239.33   3.09   269.95   6.69
M     13.00   221.21   3.20   250.77   3.31
M     15.00   211.85   2.77   222.20   2.36
M     17.00   205.59   1.85   215.98   2.25
M     19.00   202.49   1.35   207.72   1.02
M     21.00   196.27   1.70   201.42   2.56
M     23.00   188.99   1.09   198.35   1.63
M     25.00   183.80   1.96   190.03   2.18
M     27.00   174.98   1.48   185.88   1.31
M     29.00   175.50   1.88   178.63   1.57
M     31.00   171.35   1.48   175.50   2.14
M     33.00   171.35   1.05   172.39   1.70
M     35.00   168.24   1.09   174.48   1.39
M     37.00   168.24   1.25   172.39   2.19
M     39.00   166.16   1.07   168.24   2.09
M     41.00   167.20   1.39   168.24   2.52
M     43.05   167.20   1.36   166.17   1.36
M     45.20   166.16   1.01   166.17   1.02
M     47.46   164.60   1.28   165.13   1.14
M     49.84   164.08   0.92   165.13   1.06
M     52.33   165.12   1.21   164.09   0.74
M     54.94   164.09   0.73   164.09   0.88
M     57.69   162.01   0.79   164.09   0.86
M     60.58   164.08   0.84   163.05   0.90
M     63.60   164.08   0.85   165.13   0.79
M     66.78   164.08   0.80   163.05   0.92
M     70.12   164.08   0.78   163.05   0.72
M     73.63   160.97   0.68   160.98   0.73
