###  1237667444585726198 0.396 27.956 208.95685
# method  r_pixel  i1_cts i1_cts_err i2_cts i2_cts_err
I      3.00   753.93   4.22   611.16   5.14
I      5.00   524.95   3.51   449.21   1.75
I      7.00   405.61   0.57   368.04   2.05
M      9.00   345.75   9.69   330.83   4.10
M     11.00   314.58   5.42   302.27   3.46
M     13.00   293.43   4.23   275.90   3.37
M     15.00   275.56   2.55   269.28   1.89
M     17.00   265.65   1.34   259.63   1.25
M     19.00   252.52   1.70   251.21   2.53
M     21.00   244.91   1.71   246.44   1.09
M     23.00   243.07   1.40   236.13   1.25
M     25.00   238.85   1.79   235.20   1.15
M     27.00   236.77   1.03   232.48   1.43
M     29.00   231.23   1.91   233.11   1.77
M     31.00   231.71   1.83   226.92   1.62
M     33.00   229.08   1.33   229.09   1.13
M     35.00   229.90   1.38   226.53   1.57
M     37.00   225.41   1.30   225.43   1.03
M     39.00   225.19   0.89   224.44   1.31
M     41.00   224.23   0.91   223.74   0.94
M     43.05   222.08   0.96   221.47   0.92
M     45.20   219.24   1.09   219.61   0.69
M     47.46   217.31   0.84   219.09   0.87
M     49.84   217.40   0.64   215.55   0.84
M     52.33   213.48   0.59   216.93   0.91
M     54.94   214.21   0.59   216.40   0.65
M     57.69   214.21   0.65   215.20   0.79
M     60.58   213.34   0.62   213.21   0.88
M     63.60   212.90   0.57   212.96   0.61
M     66.78   212.17   0.57   212.98   0.64
M     70.12   211.65   0.51   214.07   0.70
M     73.63   210.66   0.42   211.28   0.58
M     77.31   210.73   0.52   210.90   0.57
M     81.18   210.19   0.51   211.18   0.48
M     85.24   210.26   0.48   210.56   0.40
M     89.50   210.63   0.37   209.91   0.35
M     93.97   209.92   0.35   209.13   0.35
M     98.67   209.75   0.33   209.35   0.36
M    103.60   209.56   0.30   209.61   0.31
M    108.79   209.41   0.35   208.89   0.29
M    114.22   209.75   0.29   208.48   0.26
M    119.94   209.31   0.27   208.68   0.30
M    125.93   209.31   0.27   208.49   0.27
M    132.23   209.54   0.26   208.63   0.28
M    138.84   208.92   0.28   208.70   0.33
