###  1237667323797766302 0.396 27.932 163.14143
# method  r_pixel  i1_cts i1_cts_err i2_cts i2_cts_err
I      3.00   469.18   6.81   554.19   8.49
I      5.00   349.39   4.52   393.40   3.82
I      7.00   282.39   2.61   301.35   4.29
I      9.00   252.72   1.53   272.04   1.70
M     11.00   232.43   2.25   242.34   1.76
M     13.00   218.37   3.93   223.10   1.91
M     15.00   207.02   2.57   213.83   1.95
M     17.00   201.08   1.57   202.48   1.62
M     19.00   191.15   1.76   188.69   1.77
M     21.00   185.58   1.20   184.84   1.46
M     23.00   180.21   0.99   178.34   1.31
M     25.00   172.97   0.98   173.11   1.56
M     27.00   172.74   1.10   173.78   1.38
M     29.00   170.43   1.03   169.89   1.49
M     31.00   166.60   0.96   165.33   1.25
M     33.00   167.92   1.55   164.12   1.21
M     35.00   165.58   0.93   164.94   1.45
M     37.00   163.75   1.41   164.24   1.36
M     39.00   162.18   1.03   164.34   1.05
M     41.00   161.26   1.21   165.77   1.18
M     43.05   163.68   0.77   162.17   1.15
M     45.20   164.57   0.97   163.08   0.88
M     47.46   164.16   0.68   161.71   0.89
M     49.84   161.83   0.97   163.29   0.71
M     52.33   161.79   0.93   162.86   0.78
M     54.94   161.51   0.82   163.84   0.87
M     57.69   162.56   0.82   162.39   0.89
M     60.58   163.29   0.76   162.71   0.71
M     63.60   164.25   0.70   162.70   0.75
M     66.78   163.43   0.58   163.00   0.70
M     70.12   162.67   0.72   162.46   0.61
M     73.63   162.71   0.70   163.26   0.64
M     77.31   162.63   0.58   163.55   0.55
M     81.18   163.99   0.56   163.58   0.53
M     85.24   163.93   0.59   162.22   0.51
M     89.50   163.11   0.44   163.67   0.46
