###  1237667324334964917 0.396 27.978 166.03253
# method  r_pixel  i1_cts i1_cts_err i2_cts i2_cts_err
I      3.00   387.77   3.01   532.17   5.65
I      5.00   335.54   1.36   425.63   2.13
I      7.00   332.65   3.50   361.91   1.19
I      9.00   307.45   2.77   334.08   2.57
M     11.00   284.35   2.80   317.10   3.16
M     13.00   272.37   1.82   296.33   2.98
M     15.00   252.66   2.53   268.81   3.16
M     17.00   240.16   3.47   262.06   2.09
M     19.00   222.49   1.94   250.54   1.93
M     21.00   208.92   1.99   227.72   3.90
M     23.00   195.41   2.93   216.28   2.71
M     25.00   188.15   2.25   198.58   2.64
M     27.00   182.94   1.85   190.79   1.60
M     29.00   177.73   0.95   182.98   1.45
M     31.00   172.54   1.43   179.87   1.17
M     33.00   173.57   1.43   177.79   1.58
M     35.00   172.53   1.88   173.64   1.32
M     37.00   170.45   0.86   170.51   1.07
M     39.00   170.45   0.95   172.59   1.07
M     41.00   169.41   1.15   171.03   1.27
M     43.05   170.45   1.49   169.48   1.20
M     45.20   169.40   1.14   168.96   0.85
M     47.46   166.28   0.73   169.48   1.08
M     49.84   167.32   1.27   169.48   1.20
M     52.33   167.32   0.88   166.37   1.19
M     54.94   166.83   0.70   167.40   0.78
M     57.69   166.68   0.37   166.37   0.97
M     60.58   166.54   0.17   165.34   0.77
M     63.60   166.35   0.14   167.41   0.86
M     66.78   166.18   0.20   166.38   0.70
M     70.12   166.16   0.24   166.38   0.73
M     73.63   166.20   0.41   165.86   0.64
M     77.31   166.16   0.55   166.39   0.60
M     81.18   165.21   0.62   165.87   0.57
M     85.24   166.24   0.60   165.35   0.61
M     89.50   166.24   0.48   166.40   0.57
M     93.97   166.24   0.54   166.40   0.59
M     98.67   166.23   0.47   166.41   0.56
M    103.60   166.23   0.53   166.40   0.50
M    108.79   166.22   0.47   166.40   0.42
M    114.22   166.24   0.45   166.43   0.45
