###  1237667324334964782 0.396 27.978 166.24542
# method  r_pixel  i1_cts i1_cts_err i2_cts i2_cts_err
I      3.00  1733.67  84.42  1228.95  28.15
I      5.00   986.46  33.54   748.17  15.31
I      7.00   660.36  18.29   560.53   2.84
I      9.00   501.52   7.04   470.99   1.56
M     11.00   427.93  12.42   407.16  10.45
M     13.00   384.11   6.38   382.29   8.08
M     15.00   358.34   5.90   345.91   5.03
M     17.00   331.05   2.84   323.92   4.60
M     19.00   308.84   3.21   294.81   5.40
M     21.00   285.41   2.41   280.26   4.99
M     23.00   264.64   2.88   253.27   3.54
M     25.00   249.10   2.39   235.53   2.09
M     27.00   226.21   2.10   218.85   2.59
M     29.00   214.76   1.94   208.47   1.88
M     31.00   204.38   1.36   200.17   1.19
M     33.00   196.07   1.57   193.91   1.87
M     35.00   190.35   1.31   188.72   1.99
M     37.00   185.65   1.07   184.57   1.05
M     39.00   182.03   1.24   178.34   1.55
M     41.00   178.91   1.31   178.33   0.83
M     43.05   180.48   0.95   177.29   1.43
M     45.20   176.33   1.20   176.25   1.21
M     47.46   174.24   1.04   173.12   1.10
M     49.84   173.21   0.84   172.08   1.00
M     52.33   171.12   1.01   170.00   0.71
M     54.94   171.13   0.92   170.00   0.85
M     57.69   169.05   0.93   170.00   0.92
M     60.58   170.10   0.82   168.95   0.89
M     63.60   169.06   0.72   169.99   0.72
M     66.78   168.02   0.81   166.87   0.63
M     70.12   169.06   0.70   167.90   0.70
M     73.63   168.03   0.80   166.86   0.62
M     77.31   168.03   0.69   166.86   0.59
M     81.18   165.96   0.71   167.89   0.71
M     85.24   167.00   0.54   167.14   0.63
M     89.50   167.00   0.60   167.01   0.56
M     93.97   167.00   0.49   167.02   0.39
M     98.67   165.97   0.46   167.00   0.42
M    103.60   166.90   0.44   166.94   0.40
M    108.79   166.84   0.34   165.79   0.38
M    114.22   166.61   0.33   166.83   0.44
M    119.94   166.46   0.31   165.78   0.38
M    125.93   166.44   0.39   165.77   0.44
