###  1237667443511328857 0.396 27.973 220.85785
# method  r_pixel  i1_cts i1_cts_err i2_cts i2_cts_err
I      3.00   360.24   3.84   546.07  18.26
I      5.00   333.53   3.16   367.65   6.01
I      7.00   312.35   5.94   338.71   3.57
I      9.00   310.31   5.96   310.97   6.13
M     11.00   283.34   4.30   305.07   4.69
M     13.00   274.44   2.89   288.32   2.58
M     15.00   253.73   1.21   265.54   3.05
M     17.00   243.81   1.20   256.63   2.41
M     19.00   239.86   1.71   243.81   2.84
M     21.00   235.92   1.90   235.87   2.12
M     23.00   235.92   1.65   237.36   2.03
M     25.00   233.95   1.22   233.88   1.49
M     27.00   229.01   2.15   228.94   1.64
M     29.00   226.04   1.34   228.93   2.05
M     31.00   229.01   1.70   224.98   1.98
M     33.00   226.04   1.47   223.99   1.78
M     35.00   224.09   1.30   224.99   1.76
M     37.00   219.12   1.79   224.97   1.79
M     39.00   224.07   1.84   223.98   1.74
M     41.00   221.10   1.57   221.53   1.03
M     43.05   219.17   1.27   221.01   1.20
M     45.20   222.10   0.88   222.51   1.29
M     47.46   220.64   1.47   222.01   0.97
M     49.84   222.15   1.02   221.02   1.28
M     52.33   220.15   1.33   221.00   0.95
M     54.94   219.66   1.08   220.03   0.91
M     57.69   220.14   0.95   221.01   1.09
M     60.58   222.11   0.95   221.99   0.98
M     63.60   220.65   0.85   219.99   0.74
M     66.78   220.65   0.95   221.03   0.98
M     70.12   221.18   0.78   221.97   0.91
M     73.63   222.13   0.79   220.00   0.80
M     77.31   221.17   0.61   221.00   0.74
M     81.18   220.20   0.66   220.94   0.73
M     85.24   220.98   0.69   220.97   0.73
M     89.50   220.98   0.43   220.01   0.65
M     93.97   220.99   0.50   220.99   0.59
M     98.67   220.86   0.47   220.95   0.59
M    103.60   220.79   0.45   219.99   0.57
M    108.79   220.83   0.39   220.93   0.61
