###  1237667444048724118 0.396 27.91 210.53545
# method  r_pixel  i1_cts i1_cts_err i2_cts i2_cts_err
I      3.00   765.64  10.34  1629.16  64.09
I      5.00   477.48   1.68   748.57  23.51
I      7.00   360.06   4.84   444.16  12.46
I      9.00   313.90   3.40   345.43   6.05
M     11.00   296.41   2.17   297.91   5.58
M     13.00   284.94   2.85   286.94   2.78
M     15.00   277.96   2.11   274.97   2.36
M     17.00   267.42   1.88   271.98   2.75
M     19.00   254.92   2.11   262.93   2.33
M     21.00   246.90   2.36   252.96   1.92
M     23.00   237.93   2.01   249.47   2.28
M     25.00   233.90   2.26   243.45   1.73
M     27.00   227.42   2.09   235.93   2.30
M     29.00   224.92   1.60   231.94   1.15
M     31.00   219.92   1.42   226.92   1.35
M     33.00   220.42   1.44   217.43   1.29
M     35.00   218.91   1.49   218.92   1.36
M     37.00   216.92   1.31   217.42   1.63
M     39.00   214.91   1.51   211.92   1.24
M     41.00   213.91   0.97   217.92   1.73
M     43.05   209.91   1.11   209.92   1.59
M     45.20   212.91   1.22   211.92   1.23
M     47.46   212.91   1.20   212.91   1.28
M     49.84   211.91   1.03   211.42   1.02
M     52.33   212.91   1.18   213.92   1.09
M     54.94   210.67   1.10   210.91   0.99
M     57.69   211.91   1.03   210.91   1.05
M     60.58   210.68   0.92   211.92   0.92
M     63.60   210.60   0.87   211.23   0.75
M     66.78   209.58   1.02   210.99   0.54
M     70.12   210.99   0.76   211.01   0.46
M     73.63   211.46   0.75   211.18   0.58
M     77.31   212.33   0.68   211.25   0.47
M     81.18   211.22   0.74   211.27   0.44
M     85.24   211.09   0.69   211.20   0.60
M     89.50   210.11   0.68   210.91   0.63
M     93.97   211.62   0.62   211.91   0.67
