###  1237667444048527610 0.396 27.91 203.17311
# method  r_pixel  i1_cts i1_cts_err i2_cts i2_cts_err
I      3.00   328.36   7.55   323.78   6.59
I      5.00   268.90   6.74   261.16   4.12
I      7.00   246.65   1.32   243.72   2.43
I      9.00   233.63   1.37   235.66   2.80
M     11.00   229.88   3.26   226.86   2.36
M     13.00   219.41   1.91   221.37   1.39
M     15.00   221.41   3.02   219.38   2.11
M     17.00   208.92   1.41   213.87   2.20
M     19.00   213.43   2.10   214.35   1.73
M     21.00   208.42   1.92   206.87   1.87
M     23.00   209.44   1.31   209.36   1.64
M     25.00   206.43   2.18   205.37   2.25
M     27.00   204.44   1.33   206.36   1.35
M     29.00   207.44   1.66   204.35   1.25
M     31.00   203.44   1.29   203.35   1.61
M     33.00   204.44   2.03   202.35   1.66
M     35.00   203.45   1.27   203.36   1.59
M     37.00   202.46   1.24   201.35   1.34
M     39.00   204.46   1.14   202.85   1.02
M     41.00   202.47   1.15   203.34   1.67
M     43.05   204.47   1.13   205.84   1.57
M     45.20   203.47   1.10   202.35   1.19
M     47.46   204.45   0.99   202.35   1.00
M     49.84   204.46   1.04   204.34   1.04
M     52.33   203.46   0.78   203.83   1.08
M     54.94   203.46   0.96   204.31   1.03
M     57.69   203.98   0.89   204.30   0.84
M     60.58   202.50   0.87   203.30   0.93
M     63.60   202.47   0.89   202.33   0.77
M     66.78   202.51   0.78   203.31   0.78
M     70.12   203.51   0.91   202.28   0.81
M     73.63   203.48   0.66   201.31   0.82
