###  1237665427553583111 0.396 27.836 154.33232
# method  r_pixel  i1_cts i1_cts_err i2_cts i2_cts_err
I      3.00  1158.06   4.94  3813.52  18.62
I      5.00   658.81   5.95  1689.74   5.04
I      7.00   440.15   8.74   872.07  12.96
I      9.00   329.30   4.68   533.04  11.81
M     11.00   291.66   8.69   404.09  13.80
M     13.00   256.80   2.62   319.60   7.76
M     15.00   234.78   2.99   269.71   7.08
M     17.00   220.81   2.31   244.83   3.84
M     19.00   210.84   1.73   225.80   2.61
M     21.00   208.84   2.47   217.82   2.25
M     23.00   200.79   2.14   209.27   1.54
M     25.00   194.80   1.88   202.79   1.54
M     27.00   190.31   1.72   198.79   1.93
M     29.00   186.82   1.40   194.80   1.35
M     31.00   178.84   1.55   185.82   1.78
M     33.00   176.84   1.27   186.82   1.72
M     35.00   175.84   1.59   181.33   1.67
M     37.00   170.85   1.41   174.81   2.23
M     39.00   167.84   1.26   175.81   1.28
M     41.00   166.85   1.26   172.82   1.45
M     43.05   166.85   1.78   169.82   1.50
M     45.20   165.85   1.13   167.83   1.04
M     47.46   163.85   1.75   163.84   1.35
M     49.84   161.85   1.38   163.83   1.12
M     52.33   161.86   1.05   162.82   0.92
M     54.94   158.86   1.20   159.84   0.94
M     57.69   160.85   1.04   159.84   0.96
M     60.58   157.86   0.99   157.83   1.06
M     63.60   157.86   0.94   156.83   0.99
M     66.78   157.85   0.88   155.83   0.84
M     70.12   156.86   0.79   155.83   0.90
M     73.63   156.86   0.81   155.82   0.81
M     77.31   154.87   0.77   156.82   0.72
M     81.18   154.86   0.72   154.82   0.74
M     85.24   154.86   0.65   154.82   0.70
M     89.50   155.87   0.71   154.83   0.71
M     93.97   155.86   0.59   154.83   0.63
M     98.67   153.87   0.60   153.82   0.61
M    103.60   154.87   0.54   154.82   0.57
