###  1237667322723369088 0.396 27.952 180.10703
# method  r_pixel  i1_cts i1_cts_err i2_cts i2_cts_err
I      3.00   323.25   4.08   294.62   2.85
I      5.00   287.35   2.73   273.84   3.57
I      7.00   264.77   2.27   249.39   1.46
I      9.00   245.07   3.04   236.87   0.96
M     11.00   235.17   3.11   228.84   1.41
M     13.00   227.87   2.28   219.61   2.36
M     15.00   220.61   2.44   211.91   2.04
M     17.00   216.73   2.72   206.10   2.37
M     19.00   213.84   1.76   201.25   1.44
M     21.00   206.10   1.99   200.28   1.14
M     23.00   194.95   1.61   194.47   1.02
M     25.00   189.13   1.31   198.34   1.46
M     27.00   189.61   1.50   191.56   1.95
M     29.00   186.22   1.44   187.20   1.44
M     31.00   181.86   1.42   185.26   1.72
M     33.00   184.77   1.04   183.33   1.36
M     35.00   182.83   1.00   183.33   1.01
M     37.00   181.38   1.18   182.84   1.27
M     39.00   182.35   1.15   181.88   1.15
M     41.00   180.89   1.01   180.91   1.23
M     43.05   181.86   1.27   182.84   1.23
M     45.20   180.89   1.08   180.42   1.18
M     47.46   179.92   0.96   179.46   1.06
M     49.84   180.89   0.79   180.43   1.29
M     52.33   178.95   0.71   179.94   0.88
M     54.94   179.92   0.77   179.94   0.90
M     57.69   179.92   0.74   181.88   0.79
M     60.58   179.43   0.76   179.94   0.69
M     63.60   179.92   0.73   179.94   0.72
M     66.78   179.92   0.72   180.43   0.75
M     70.12   179.92   0.66   178.98   0.50
M     73.63   179.92   0.62   179.95   0.72
M     77.31   180.88   0.65   180.43   0.69
M     81.18   180.88   0.66   179.95   0.62
M     85.24   179.91   0.58   179.95   0.58
M     89.50   179.92   0.51   179.95   0.52
M     93.97   180.40   0.53   180.17   0.48
M     98.67   180.88   0.51   180.17   0.43
M    103.60   180.88   0.48   180.09   0.39
M    108.79   178.95   0.42   179.98   0.25
M    114.22   180.02   0.37   180.00   0.33
M    119.94   180.06   0.32   180.06   0.30
M    125.93   180.05   0.53   180.03   0.05
