###  1237665440979157097 0.396 27.973 176.62627
# method  r_pixel  i1_cts i1_cts_err i2_cts i2_cts_err
I      3.00   854.47   3.28  1834.66  54.91
I      5.00   543.03   2.31   860.61  13.45
I      7.00   422.21   1.76   552.04   6.95
I      9.00   342.43   2.93   440.54   3.38
M     11.00   309.61   2.31   356.57   8.99
M     13.00   278.81   1.93   314.22   4.26
M     15.00   256.17   3.00   284.55   2.53
M     17.00   234.09   1.54   260.85   3.18
M     19.00   217.82   2.54   242.20   2.21
M     21.00   212.01   1.68   227.11   1.90
M     23.00   199.84   1.64   214.33   2.83
M     25.00   195.17   1.72   203.89   1.90
M     27.00   191.12   1.89   195.74   2.71
M     29.00   187.63   0.92   188.20   1.07
M     31.00   185.88   1.16   187.63   1.55
M     33.00   182.98   1.34   187.61   1.65
M     35.00   180.66   1.48   185.30   1.00
M     37.00   181.82   1.15   182.97   1.27
M     39.00   182.98   0.91   179.49   1.17
M     41.00   181.82   1.14   181.80   1.24
M     43.05   180.66   1.38   179.49   1.09
M     45.20   179.50   1.13   182.97   1.04
M     47.46   181.82   1.19   177.74   1.13
M     49.84   178.34   1.06   179.49   1.10
M     52.33   178.92   0.82   179.49   1.21
M     54.94   178.34   1.07   177.16   0.94
M     57.69   177.18   1.19   178.32   1.02
M     60.58   179.51   0.76   177.74   1.04
M     63.60   177.18   0.94   178.32   0.87
M     66.78   177.19   0.91   177.16   0.76
M     70.12   177.19   0.67   176.00   0.77
M     73.63   177.19   0.67   176.00   0.82
M     77.31   174.87   0.71   176.00   0.71
M     81.18   176.03   0.56   177.16   0.68
M     85.24   177.19   0.70   177.16   0.64
M     89.50   177.19   0.51   177.16   0.63
M     93.97   177.19   0.58   176.00   0.67
M     98.67   177.19   0.70   177.16   0.65
