###  1237667324334637140 0.396 27.978 162.33473
# method  r_pixel  i1_cts i1_cts_err i2_cts i2_cts_err
I      3.00  1166.00  43.17  1221.79  37.96
I      5.00   707.02  18.01   699.18  21.41
I      7.00   488.68   9.08   453.98   9.94
I      9.00   376.94   7.22   366.62   5.45
M     11.00   312.71   6.41   307.55   5.31
M     13.00   278.37   6.11   280.41   5.26
M     15.00   256.61   4.87   254.49   4.89
M     17.00   233.72   2.53   248.27   3.49
M     19.00   224.89   3.23   229.55   2.18
M     21.00   211.89   3.13   222.27   4.13
M     23.00   198.35   2.13   202.56   1.91
M     25.00   194.22   2.14   191.63   1.73
M     27.00   190.05   1.38   187.97   1.58
M     29.00   187.97   1.45   184.86   1.60
M     31.00   179.66   1.43   177.58   1.41
M     33.00   177.58   1.36   179.67   1.76
M     35.00   175.50   1.32   171.36   1.99
M     37.00   173.94   1.59   179.15   1.63
M     39.00   167.19   1.73   171.87   1.11
M     41.00   169.26   1.34   169.28   1.33
M     43.05   168.22   1.07   168.24   1.07
M     45.20   166.14   0.83   167.72   1.02
M     47.46   168.21   1.24   166.16   1.06
M     49.84   167.18   1.08   165.87   0.90
M     52.33   165.75   0.88   165.09   0.88
M     54.94   164.06   0.82   164.39   1.05
M     57.69   164.05   0.88   165.12   1.03
M     60.58   163.01   0.68   162.53   0.83
M     63.60   163.77   0.85   163.77   0.65
M     66.78   163.67   0.74   163.78   0.31
M     70.12   163.50   0.60   163.62   0.12
M     73.63   163.02   0.73   163.40   0.02
M     77.31   164.05   0.65   163.24   0.01
