###  1237667324334506263 0.396 27.978 159.11955
# method  r_pixel  i1_cts i1_cts_err i2_cts i2_cts_err
I      3.00   230.14   0.17   252.42   4.62
I      5.00   210.60   0.51   212.87   2.53
I      7.00   190.44   2.41   198.55   1.73
I      9.00   187.54   1.32   184.18   2.20
M     11.00   184.55   1.37   183.49   2.76
M     13.00   175.73   1.57   178.31   2.36
M     15.00   172.08   2.38   177.27   2.77
M     17.00   168.96   1.43   171.54   2.00
M     19.00   165.84   2.00   169.98   2.48
M     21.00   162.20   1.81   164.79   2.71
M     23.00   162.72   2.09   160.64   1.20
M     25.00   162.20   2.56   161.15   1.86
M     27.00   161.67   1.82   158.56   1.60
M     29.00   161.16   1.43   159.59   1.53
M     31.00   160.13   0.93   160.63   1.29
M     33.00   160.64   1.12   159.07   1.35
M     35.00   161.17   1.12   159.58   1.41
M     37.00   162.71   0.85   161.66   1.29
M     39.00   158.57   1.75   159.59   0.92
M     41.00   157.52   1.73   159.58   1.21
M     43.05   157.52   1.25   160.61   1.24
M     45.20   160.65   1.03   159.58   1.04
M     47.46   157.54   0.92   158.54   1.29
M     49.84   156.49   1.10   159.58   1.08
M     52.33   158.55   1.08   158.53   0.94
M     54.94   158.57   0.93   159.59   0.90
M     57.69   157.53   1.07   160.62   0.99
M     60.58   156.48   0.83   159.57   0.89
M     63.60   158.59   0.78   158.55   0.91
M     66.78   158.58   0.75   159.58   0.81
M     70.12   158.56   0.69   159.59   0.58
M     73.63   158.56   0.62   159.59   0.73
M     77.31   159.61   0.69   159.60   0.79
M     81.18   159.57   0.66   159.58   0.61
M     85.24   159.61   0.59   158.55   0.54
M     89.50   157.54   0.51   158.57   0.55
M     93.97   159.61   0.53   159.58   0.52
M     98.67   159.58   0.46   158.55   0.51
M    103.60   158.57   0.56   158.53   0.48
M    108.79   158.58   0.43   158.57   0.49
