###  1237665428090257496 0.396 27.971 156.79549
# method  r_pixel  i1_cts i1_cts_err i2_cts i2_cts_err
I      3.00  1128.82  37.74   766.26  10.54
I      5.00   649.20  17.13   515.88   6.04
I      7.00   491.79   2.93   418.69   3.40
I      9.00   397.15   2.61   370.50   4.17
M     11.00   358.56   7.16   325.87   2.22
M     13.00   319.69   4.62   299.28   3.99
M     15.00   290.01   2.83   284.74   3.83
M     17.00   269.07   2.53   267.94   3.29
M     19.00   260.34   2.43   258.68   2.02
M     21.00   253.41   2.32   252.80   1.42
M     23.00   251.60   2.70   249.34   1.75
M     25.00   246.93   2.61   248.13   2.76
M     27.00   237.74   3.36   247.08   2.26
M     29.00   237.74   3.25   242.41   2.53
M     31.00   231.86   3.41   231.94   2.44
M     33.00   224.29   1.73   218.00   1.71
M     35.00   213.86   2.13   203.47   1.77
M     37.00   199.93   1.82   193.60   1.85
M     39.00   191.21   1.34   188.97   1.28
M     41.00   185.39   1.37   178.53   1.61
M     43.05   177.25   1.22   176.20   1.54
M     45.20   174.92   1.23   172.71   1.24
M     47.46   170.28   1.29   170.40   0.98
M     49.84   167.95   1.03   166.91   1.16
M     52.33   167.95   1.08   167.50   0.97
M     54.94   167.38   0.96   164.60   1.14
M     57.69   165.61   0.82   164.59   0.82
M     60.58   162.14   1.06   162.86   0.92
M     63.60   162.13   0.89   162.87   0.81
M     66.78   162.13   0.86   162.29   0.80
M     70.12   162.12   0.65   161.13   0.65
M     73.63   162.11   0.85   162.30   0.79
M     77.31   159.79   0.67   158.82   0.66
M     81.18   158.62   0.58   158.82   0.69
M     85.24   158.62   0.61   158.82   0.61
M     89.50   158.61   0.63   158.83   0.52
M     93.97   158.60   0.60   157.67   0.55
M     98.67   157.43   0.57   157.68   0.53
M    103.60   157.43   0.50   156.53   0.50
M    108.79   157.42   0.48   157.69   0.52
M    114.22   157.41   0.45   156.54   0.45
M    119.94   157.41   0.43   157.71   0.43
M    125.93   157.40   0.45   156.56   0.41
M    132.23   156.24   0.39   157.11   0.39
M    138.84   157.38   0.37   157.04   0.37
M    145.78   157.37   0.35   157.01   0.36
M    153.07   157.36   0.34   156.59   0.34
M    160.73   156.20   0.35   157.74   0.32
M    168.76   157.00   0.28   156.61   0.31
M    177.20   156.91   0.16   156.61   0.32
M    186.06   156.84   0.20   156.62   0.26
