###  1237667442438373472 0.396 28.032 209.93988
# method  r_pixel  i1_cts i1_cts_err i2_cts i2_cts_err
I      3.00   395.44   5.33   416.62   4.04
I      5.00   317.03   2.83   337.36   1.76
I      7.00   280.36   2.61   292.09   2.70
I      9.00   259.79   1.32   268.70   5.25
M     11.00   241.22   2.63   249.88   4.61
M     13.00   234.28   1.55   246.99   2.72
M     15.00   228.48   3.00   230.81   2.11
M     17.00   224.44   2.06   227.35   2.46
M     19.00   221.55   2.16   218.10   1.67
M     21.00   214.60   1.82   218.10   1.11
M     23.00   212.29   2.37   215.79   2.47
M     25.00   212.93   1.26   215.80   1.00
M     27.00   212.28   1.57   213.48   1.59
M     29.00   211.42   0.76   212.32   0.94
M     31.00   211.09   0.65   212.32   1.83
M     33.00   210.87   0.73   211.17   1.60
M     35.00   210.72   0.96   211.17   1.55
M     37.00   210.65   1.07   211.75   1.49
M     39.00   209.97   1.59   213.49   1.40
M     41.00   210.37   1.11   211.18   1.33
M     43.05   211.12   1.26   208.86   1.15
M     45.20   212.27   1.32   210.02   1.31
M     47.46   209.96   1.08   210.03   0.95
M     49.84   209.96   0.97   212.34   1.31
M     52.33   212.27   0.98   213.50   1.28
M     54.94   211.11   1.08   210.03   0.99
M     57.69   209.95   0.78   210.03   0.95
M     60.58   208.22   0.92   210.04   0.97
M     63.60   208.79   0.84   211.19   1.01
M     66.78   208.79   0.76   210.04   0.81
M     70.12   209.95   0.77   208.88   0.85
M     73.63   209.94   0.81   208.89   0.74
M     77.31   209.94   0.76   210.05   0.83
M     81.18   209.94   0.68   211.20   0.72
M     85.24   208.78   0.69   210.05   0.75
M     89.50   209.70   0.51   208.90   0.66
M     93.97   209.93   0.38   210.06   0.63
M     98.67   210.09   0.37   208.91   0.65
