###  1237667444048396291 0.396 27.91 205.75609
# method  r_pixel  i1_cts i1_cts_err i2_cts i2_cts_err
I      3.00  1242.53  17.39  3077.33 113.00
I      5.00   731.43   4.86  1321.58  22.12
I      7.00   518.35   5.86   738.31   3.46
I      9.00   412.03   6.20   526.58   4.92
M     11.00   367.49   9.51   412.94  10.13
M     13.00   319.40   3.18   356.09   5.21
M     15.00   289.98   2.58   319.97   2.53
M     17.00   274.45   1.93   289.98   4.18
M     19.00   265.90   3.23   272.95   1.45
M     21.00   258.92   1.07   266.97   1.60
M     23.00   249.94   1.66   254.93   1.71
M     25.00   244.95   2.51   251.94   2.10
M     27.00   245.95   1.49   243.96   1.57
M     29.00   239.93   1.81   243.96   1.40
M     31.00   238.93   1.78   243.96   1.94
M     33.00   230.92   1.94   236.94   1.29
M     35.00   233.91   1.26   239.97   1.86
M     37.00   233.41   1.32   232.95   1.61
M     39.00   229.92   1.51   234.46   1.45
M     41.00   228.93   1.42   228.96   1.77
M     43.05   226.43   1.39   226.97   1.39
M     45.20   225.90   1.17   226.97   1.11
M     47.46   221.93   0.98   223.97   1.52
M     49.84   219.91   1.08   224.47   1.48
M     52.33   217.92   1.09   217.95   1.09
M     54.94   214.91   1.07   216.46   1.07
M     57.69   212.91   0.90   216.96   0.85
M     60.58   212.90   0.85   213.96   1.11
M     63.60   211.91   0.87   211.96   0.91
M     66.78   209.40   0.81   209.46   0.93
M     70.12   208.91   0.73   209.97   0.80
M     73.63   208.91   0.75   207.97   0.63
M     77.31   208.90   0.78   208.97   0.71
M     81.18   207.90   0.68   206.47   0.68
M     85.24   206.90   0.64   207.97   0.60
M     89.50   205.90   0.65   204.97   0.53
M     93.97   206.05   0.59   205.97   0.63
M     98.67   206.07   0.48   205.98   0.61
M    103.60   206.08   0.23   205.98   0.53
M    108.79   205.89   0.25   204.98   0.53
M    114.22   205.71   0.45   204.99   0.52
M    119.94   205.74   0.43   204.99   0.49
M    125.93   205.89   0.47   205.99   0.41
M    132.23   205.89   0.45   206.00   0.44
M    138.84   205.88   0.61   205.99   0.45
