###  1237667323260567703 0.396 27.989 172.19577
# method  r_pixel  i1_cts i1_cts_err i2_cts i2_cts_err
I      3.00   406.76   4.51   527.87   3.39
I      5.00   321.27   3.13   390.49   4.85
I      7.00   294.43   4.93   315.03   2.82
M      9.00   266.26   4.14   289.02   5.51
M     11.00   255.91   4.83   267.71   1.10
M     13.00   242.96   3.67   257.75   2.24
M     15.00   232.08   2.09   242.00   2.65
M     17.00   225.18   1.81   227.67   1.76
M     19.00   214.84   2.22   218.78   2.78
M     21.00   198.99   2.39   206.45   2.31
M     23.00   189.61   1.65   201.47   1.74
M     25.00   181.69   1.76   198.02   1.71
M     27.00   183.67   1.46   189.63   1.27
M     29.00   180.70   1.25   186.66   1.59
M     31.00   179.71   1.52   180.73   2.12
M     33.00   178.73   1.57   179.73   1.70
M     35.00   180.70   1.43   179.74   1.14
M     37.00   176.74   1.51   176.28   1.28
M     39.00   177.23   1.28   177.44   0.37
M     41.00   177.72   1.35   176.80   0.07
M     43.05   174.79   0.98   176.06   0.06
M     45.20   176.25   1.23   175.30   0.06
M     47.46   175.74   0.84   174.67   0.05
M     49.84   173.79   0.84   174.13   0.03
M     52.33   174.75   1.07   173.87   0.01
M     54.94   174.77   0.90   173.90   0.00
M     57.69   175.25   0.95   173.91   0.87
M     60.58   172.80   0.77   172.85   0.70
M     63.60   172.28   0.86   172.82   0.80
M     66.78   172.75   0.76   172.85   0.76
M     70.12   172.78   0.84   173.82   0.73
M     73.63   172.28   0.84   171.86   0.79
M     77.31   172.79   0.65   172.33   0.60
M     81.18   173.77   0.58   171.82   0.68
M     85.24   172.74   0.64   171.86   0.69
M     89.50   172.74   0.53   172.84   0.61
M     93.97   171.79   0.54   172.85   0.54
M     98.67   172.73   0.51   171.87   0.51
M    103.60   172.72   0.49   170.91   0.53
M    108.79   172.26   0.46   171.88   0.50
M    114.22   172.71   0.44   172.29   0.41
M    119.94   172.41   0.43   172.35   0.33
M    125.93   172.50   0.37   172.46   0.34
M    132.23   172.41   0.35   172.52   0.38
M    138.84   172.32   0.50   172.88   0.46
