###  1237667444048724303 0.396 27.91 210.14648
# method  r_pixel  i1_cts i1_cts_err i2_cts i2_cts_err
I      3.00   324.47   3.34   509.00   4.42
I      5.00   282.75   3.65   343.63   1.89
I      7.00   256.04   2.36   271.28   1.46
I      9.00   241.43   0.56   264.55   1.96
M     11.00   240.42   3.57   246.90   2.83
M     13.00   226.92   3.14   234.93   1.56
M     15.00   218.92   2.09   220.93   1.84
M     17.00   217.92   1.06   219.94   1.78
M     19.00   215.42   1.04   213.93   1.58
M     21.00   212.93   1.61   212.94   1.78
M     23.00   210.93   1.60   213.93   1.31
M     25.00   211.93   1.76   210.94   2.09
M     27.00   211.43   1.54   211.94   1.93
M     29.00   210.92   1.54   210.94   1.40
M     31.00   208.93   1.44   210.94   1.89
M     33.00   207.42   1.40   209.94   1.66
M     35.00   210.92   1.36   210.44   1.22
M     37.00   210.92   1.44   208.94   1.78
M     39.00   209.92   1.27   209.94   1.59
M     41.00   210.92   1.07   209.94   1.86
M     43.05   211.92   1.31   210.44   1.00
M     45.20   209.92   1.09   211.94   1.39
M     47.46   210.92   1.13   209.94   1.27
M     49.84   209.92   0.79   211.94   1.24
M     52.33   209.92   0.86   209.44   1.17
M     54.94   209.92   1.07   209.94   0.95
M     57.69   210.92   0.95   211.94   0.97
M     60.58   209.92   0.79   209.95   0.92
M     63.60   209.92   0.81   208.95   1.13
M     66.78   209.92   0.71   208.95   0.82
M     70.12   207.92   0.87   209.95   0.67
