###  1237667323797504020 0.396 27.932 159.99353
# method  r_pixel  i1_cts i1_cts_err i2_cts i2_cts_err
I      3.00   841.92   5.17  1979.22   6.96
I      5.00   441.03   3.00   817.32   7.54
I      7.00   303.66   1.26   453.13   4.45
I      9.00   238.92   2.45   303.15   2.19
M     11.00   212.47   3.58   246.43   4.16
M     13.00   196.97   1.84   211.49   3.49
M     15.00   192.49   1.79   199.46   3.45
M     17.00   187.98   2.36   193.96   1.93
M     19.00   188.49   1.73   189.45   2.23
M     21.00   180.99   1.74   187.44   1.61
M     23.00   173.49   1.57   181.44   1.92
M     25.00   170.98   1.73   175.97   1.60
M     27.00   166.48   1.69   166.96   1.78
M     29.00   164.47   1.13   164.46   1.28
M     31.00   162.49   1.13   162.46   1.02
M     33.00   165.48   1.06   164.46   1.31
M     35.00   163.47   1.24   162.48   1.48
M     37.00   162.47   1.34   164.45   1.61
M     39.00   161.48   1.21   162.46   1.11
M     41.00   160.95   0.67   161.47   1.27
M     43.05   161.01   0.01   162.46   1.09
M     45.20   160.97   0.05   160.96   1.07
M     47.46   160.65   0.03   161.47   0.93
M     49.84   160.32   0.02   160.45   0.93
M     52.33   160.15   0.06   159.45   1.16
M     54.94   160.07   0.12   160.44   0.87
M     57.69   160.24   0.02   161.44   0.75
M     60.58   160.34   1.07   160.45   0.98
