###  1237667443511787541 0.396 27.973 221.60556
# method  r_pixel  i1_cts i1_cts_err i2_cts i2_cts_err
I      3.00  1778.25  32.76  2400.59  33.33
I      5.00   948.01   8.34  1124.60  17.16
I      7.00   604.60   5.14   675.26   8.80
I      9.00   481.45   4.80   526.06   3.05
M     11.00   422.97  11.35   446.81   6.05
M     13.00   371.13   6.66   397.32   5.89
M     15.00   325.18   6.05   345.40   5.59
M     17.00   309.34   2.28   316.66   3.86
M     19.00   287.12   2.64   297.42   1.46
M     21.00   279.68   1.77   284.59   2.46
M     23.00   270.78   1.86   276.67   2.15
M     25.00   264.40   2.28   272.67   2.63
M     27.00   261.88   1.44   263.76   2.31
M     29.00   253.50   1.43   258.82   1.91
M     31.00   250.03   1.86   255.88   1.75
M     33.00   249.05   1.73   248.94   2.24
M     35.00   244.60   1.35   244.98   1.24
M     37.00   242.15   1.63   243.01   1.71
M     39.00   236.20   1.60   241.01   1.59
M     41.00   238.19   1.42   236.56   1.50
M     43.05   235.23   1.34   236.07   1.48
M     45.20   231.26   0.96   234.11   1.62
M     47.46   230.78   1.24   233.09   1.09
M     49.84   231.26   1.27   233.09   1.11
M     52.33   230.28   1.18   228.17   1.18
M     54.94   226.35   1.02   225.17   1.13
M     57.69   225.35   0.95   226.16   1.29
M     60.58   224.35   1.10   223.21   1.04
M     63.60   224.35   0.86   225.16   0.94
M     66.78   225.37   0.95   223.18   0.75
M     70.12   223.39   0.95   222.68   0.78
M     73.63   224.40   0.96   221.21   0.64
M     77.31   220.47   0.80   222.67   0.71
M     81.18   221.45   0.79   222.17   0.72
M     85.24   222.46   0.64   222.18   0.74
M     89.50   221.47   0.66   222.14   0.70
M     93.97   221.49   0.62   223.11   0.63
