###  1237665428089864334 0.396 27.971 158.00157
# method  r_pixel  i1_cts i1_cts_err i2_cts i2_cts_err
I      3.00   589.52   3.69  1076.75   9.16
I      5.00   454.57   1.07   724.65   5.61
I      7.00   397.85   3.47   525.48   4.94
I      9.00   357.42   2.35   416.63   5.34
M     11.00   323.27   2.40   375.08   4.39
M     13.00   313.93   3.74   351.89   2.44
M     15.00   298.49   3.45   341.64   3.11
M     17.00   286.36   3.07   323.27   2.54
M     19.00   274.77   2.82   297.28   1.87
M     21.00   269.12   1.95   282.30   1.36
M     23.00   266.18   3.26   270.25   2.46
M     25.00   272.51   3.57   259.85   2.46
M     27.00   267.31   3.29   256.92   2.80
M     29.00   271.30   3.78   255.18   2.42
M     31.00   269.04   2.66   260.91   2.52
M     33.00   262.11   1.87   248.26   2.99
M     35.00   256.92   1.92   250.52   3.93
M     37.00   250.67   1.91   244.79   3.66
M     39.00   243.74   1.86   242.53   3.13
M     41.00   234.47   2.05   239.07   2.06
M     43.05   234.40   2.38   246.00   1.99
M     45.20   229.80   1.53   241.33   1.62
M     47.46   225.21   1.77   237.86   2.30
M     49.84   218.28   1.73   233.83   2.37
M     52.33   217.15   1.37   234.40   1.44
M     54.94   212.48   1.38   234.40   1.29
M     57.69   204.42   1.12   232.63   1.45
M     60.58   202.16   1.42   221.67   1.49
M     63.60   197.49   1.33   207.81   1.46
M     66.78   192.90   1.13   195.16   1.07
M     70.12   189.44   1.22   188.23   1.08
M     73.63   187.14   1.33   179.01   0.84
M     77.31   182.51   1.35   172.10   0.90
M     81.18   181.34   1.20   169.80   0.87
M     85.24   176.75   1.05   166.33   0.67
M     89.50   172.13   0.89   162.88   0.68
M     93.97   169.82   0.76   161.72   0.65
M     98.67   166.36   0.62   160.57   0.57
M    103.60   164.06   0.63   161.14   0.55
M    108.79   162.90   0.56   160.56   0.61
M    114.22   161.74   0.50   160.56   0.57
M    119.94   160.59   0.51   159.41   0.55
M    125.93   160.60   0.48   158.26   0.45
M    132.23   160.58   0.43   158.25   0.43
M    138.84   159.43   0.41   159.41   0.40
M    145.78   159.43   0.42   158.25   0.39
M    153.07   158.29   0.40   158.25   0.43
M    160.73   158.27   0.41   158.25   0.41
M    168.76   158.27   0.36   158.25   0.36
M    177.20   158.27   0.37   157.10   0.35
M    186.06   158.28   0.33   158.24   0.30
M    195.36   158.27   0.31   158.24   0.31
