###  1237667444585070621 0.396 27.956 206.37578
# method  r_pixel  i1_cts i1_cts_err i2_cts i2_cts_err
I      3.00   868.24  16.26  1234.36  60.46
I      5.00   601.95  10.69   753.29  24.58
I      7.00   463.29   2.53   521.34  14.56
I      9.00   392.46   4.48   435.80   6.10
M     11.00   369.20   8.16   395.67   3.56
M     13.00   323.55   9.22   361.47   4.91
M     15.00   293.37   5.57   336.04   2.70
M     17.00   288.17   4.38   309.06   3.37
M     19.00   278.87   2.99   302.89   1.80
M     21.00   271.59   3.20   285.19   2.34
M     23.00   265.86   2.50   275.30   2.93
M     25.00   255.98   2.17   257.09   3.26
M     27.00   241.46   1.72   247.80   2.06
M     29.00   236.27   2.84   237.93   2.22
M     31.00   227.95   2.18   230.10   2.23
M     33.00   222.76   1.34   225.98   0.77
M     35.00   221.70   1.29   221.30   1.68
M     37.00   217.58   1.18   217.15   1.63
M     39.00   215.47   1.75   216.12   1.23
M     41.00   212.37   1.33   217.15   1.31
M     43.05   212.35   1.38   213.53   1.35
M     45.20   210.79   1.20   210.42   0.84
M     47.46   211.29   1.13   211.98   1.14
M     49.84   209.22   1.16   209.89   1.00
M     52.33   209.22   1.04   209.40   1.05
M     54.94   208.17   0.99   208.37   0.89
M     57.69   209.19   1.10   208.35   0.88
M     60.58   209.20   0.94   209.38   0.90
M     63.60   208.16   0.66   208.38   0.91
M     66.78   207.84   0.63   210.43   0.94
M     70.12   207.23   0.76   208.34   0.83
M     73.63   206.79   0.57   207.30   0.79
M     77.31   206.79   0.59   206.78   0.60
M     81.18   207.08   0.72   206.78   0.45
M     85.24   206.04   0.75   206.83   0.49
M     89.50   206.03   0.60   206.82   0.37
M     93.97   206.01   0.67   206.32   0.44
M     98.67   206.04   0.55   206.20   0.47
M    103.60   206.05   0.52   206.33   0.52
