###  1237665440442089583 0.396 27.839 178.5916
# method  r_pixel  i1_cts i1_cts_err i2_cts i2_cts_err
I      3.00  1036.95  14.77  1555.99  42.75
I      5.00   620.18   6.44   874.28  19.69
I      7.00   444.52   3.06   542.63  10.41
I      9.00   346.06   2.35   394.03   5.04
M     11.00   300.88   5.05   328.57   9.39
M     13.00   267.19   2.28   283.43   3.53
M     15.00   254.50   3.49   266.04   4.07
M     17.00   235.79   2.80   248.67   1.97
M     19.00   230.73   1.35   238.23   2.19
M     21.00   222.31   1.69   226.02   1.90
M     23.00   214.88   2.01   220.55   2.47
M     25.00   208.12   1.61   214.98   2.08
M     27.00   202.39   1.53   206.23   2.13
M     29.00   198.21   1.47   205.02   2.28
M     31.00   194.64   1.37   198.56   1.27
M     33.00   190.34   1.30   194.31   1.70
M     35.00   188.09   1.14   189.32   1.79
M     37.00   189.33   1.38   189.63   1.03
M     39.00   187.29   1.67   187.50   1.34
M     41.00   182.98   1.29   184.64   0.89
M     43.05   183.99   1.04   185.17   1.25
M     45.20   181.88   0.91   184.49   1.45
M     47.46   180.90   1.11   182.98   1.16
M     49.84   179.80   1.05   181.62   1.40
M     52.33   181.68   1.23   181.50   1.14
M     54.94   182.00   0.98   182.55   0.82
M     57.69   180.11   1.00   180.64   0.91
M     60.58   180.44   0.88   178.66   0.97
M     63.60   181.22   0.78   179.56   0.77
M     66.78   178.65   0.68   178.70   0.79
M     70.12   178.82   0.73   178.16   0.74
M     73.63   178.98   0.73   178.88   0.68
M     77.31   178.19   0.74   178.84   0.74
M     81.18   177.37   0.66   178.54   0.60
M     85.24   179.95   0.67   178.73   0.64
M     89.50   179.63   0.66   179.77   0.62
M     93.97   178.65   0.62   179.19   0.58
M     98.67   179.44   0.66   177.96   0.52
M    103.60   178.48   0.57   178.81   0.53
M    108.79   177.44   0.48   178.45   0.43
M    114.22   178.09   0.48   178.75   0.38
M    119.94   178.24   0.45   178.74   0.32
M    125.93   179.03   0.41   178.72   0.37
M    132.23   178.20   0.41   178.71   0.39
M    138.84   178.17   0.37   178.31   0.42
