###  1237667324334506284 0.396 27.978 160.17844
# method  r_pixel  i1_cts i1_cts_err i2_cts i2_cts_err
I      3.00   835.03   5.82  1490.88  11.04
I      5.00   511.11   4.91   784.42   6.54
I      7.00   347.12   0.40   466.86  10.74
I      9.00   286.58   1.97   331.52   6.95
M     11.00   246.75   4.15   276.92   5.31
M     13.00   223.82   1.88   238.41   3.09
M     15.00   209.26   2.77   216.50   3.96
M     17.00   203.01   1.81   208.16   2.70
M     19.00   192.58   1.08   201.95   1.35
M     21.00   188.95   0.98   190.48   1.67
M     23.00   185.31   1.64   188.38   1.23
M     25.00   179.05   1.31   182.16   1.66
M     27.00   178.03   1.51   174.34   1.43
M     29.00   171.25   1.19   173.82   1.70
M     31.00   170.21   1.43   168.62   1.48
M     33.00   169.69   1.57   170.70   1.93
M     35.00   168.63   0.97   164.98   0.98
M     37.00   165.52   1.17   167.05   1.80
M     39.00   165.52   1.14   165.49   1.22
M     41.00   164.49   1.18   164.96   1.11
M     43.05   161.88   1.54   161.32   1.17
M     45.20   163.44   0.92   162.37   1.01
M     47.46   162.40   0.98   160.28   0.97
M     49.84   161.36   0.89   161.33   0.91
M     52.33   162.40   1.07   160.30   0.87
M     54.94   161.37   0.95   161.30   0.74
M     57.69   161.35   0.71   160.28   0.82
M     60.58   161.38   0.90   160.30   0.96
M     63.60   160.34   0.71   159.25   0.90
M     66.78   160.34   0.81   160.26   0.67
M     70.12   161.35   0.76   161.29   0.65
M     73.63   160.34   0.69   160.30   0.63
