###  1237667444048658882 0.396 27.91 213.22223
# method  r_pixel  i1_cts i1_cts_err i2_cts i2_cts_err
I      3.00   339.26   6.30   299.86   2.96
I      5.00   280.53   1.83   276.53   2.94
I      7.00   248.65   4.16   237.76   3.11
I      9.00   250.67   5.99   236.07   1.01
M     11.00   246.30   6.06   225.30   1.71
M     13.00   243.31   4.52   221.30   3.66
M     15.00   234.33   2.27   217.31   3.08
M     17.00   229.31   3.11   220.30   1.83
M     19.00   223.33   2.39   212.31   1.23
M     21.00   221.83   2.05   212.30   1.78
M     23.00   220.34   1.92   215.30   1.13
M     25.00   219.34   1.60   213.30   1.96
M     27.00   215.33   2.01   215.30   1.95
M     29.00   215.34   1.35   212.30   2.03
M     31.00   214.33   1.42   211.30   1.83
M     33.00   216.34   1.70   211.80   1.62
M     35.00   214.84   1.05   210.30   1.91
M     37.00   214.34   1.24   211.80   1.83
M     39.00   213.34   2.06   211.29   1.28
M     41.00   213.34   1.14   210.80   1.45
M     43.05   215.35   1.37   213.29   1.25
M     45.20   215.34   1.22   211.30   1.32
M     47.46   213.35   1.27   211.29   1.33
M     49.84   215.35   1.16   211.29   1.09
M     52.33   214.35   1.09   211.29   1.07
M     54.94   214.35   0.93   210.29   1.00
M     57.69   214.35   0.80   211.28   0.96
M     60.58   213.36   1.05   211.28   1.11
M     63.60   213.35   0.98   211.28   0.74
M     66.78   213.36   0.84   210.29   0.89
M     70.12   213.36   0.78   212.28   0.77
M     73.63   213.33   0.70   211.28   0.75
M     77.31   213.41   0.56   211.27   0.73
M     81.18   213.55   0.62   211.27   0.68
M     85.24   213.44   0.69   211.28   0.69
M     89.50   215.38   0.71   211.77   0.66
