###  1237667444585595093 0.396 27.956 207.06204
# method  r_pixel  i1_cts i1_cts_err i2_cts i2_cts_err
I      3.00  2157.03  35.42  2599.21  38.55
I      5.00  1173.38  24.25  1428.43  18.36
I      7.00   759.49  10.25   870.13   8.84
I      9.00   569.32   4.38   634.24   8.30
M     11.00   489.46  10.25   519.36   7.70
M     13.00   439.83   4.36   463.59   5.46
M     15.00   410.94   4.19   421.35   3.66
M     17.00   396.00   3.43   410.70   3.21
M     19.00   376.71   3.56   384.36   3.10
M     21.00   360.47   2.06   371.45   1.64
M     23.00   345.89   3.78   360.77   2.22
M     25.00   332.82   2.02   343.95   1.86
M     27.00   316.72   2.40   324.40   2.38
M     29.00   297.95   1.78   304.44   2.68
M     31.00   289.26   1.45   291.95   1.69
M     33.00   275.53   1.47   280.18   1.38
M     35.00   271.33   1.44   271.16   1.37
M     37.00   260.39   1.77   264.25   1.71
M     39.00   255.50   1.00   257.72   1.39
M     41.00   251.10   0.97   249.14   1.38
M     43.05   246.57   1.24   245.80   1.19
M     45.20   240.37   1.17   238.54   1.13
M     47.46   234.65   1.23   235.29   0.91
M     49.84   229.20   0.77   231.45   0.99
M     52.33   226.01   0.86   226.70   1.06
M     54.94   222.99   0.81   221.97   0.94
M     57.69   221.63   0.78   219.53   0.82
M     60.58   217.44   0.70   217.03   0.88
M     63.60   216.79   0.73   215.83   0.75
M     66.78   213.91   0.61   215.86   0.65
M     70.12   214.23   0.53   213.50   0.62
M     73.63   212.61   0.55   213.07   0.64
M     77.31   210.39   0.45   211.76   0.58
M     81.18   211.11   0.47   210.10   0.57
M     85.24   210.17   0.46   210.14   0.46
M     89.50   209.83   0.45   209.65   0.43
M     93.97   209.14   0.38   209.22   0.31
M     98.67   208.78   0.23   208.76   0.29
M    103.60   208.56   0.25   208.56   0.32
M    108.79   208.44   0.25   208.43   0.41
M    114.22   208.18   0.30   207.83   0.37
M    119.94   207.24   0.33   207.16   0.37
M    125.93   207.49   0.28   206.85   0.37
M    132.23   207.19   0.27   207.64   0.35
M    138.84   207.58   0.24   207.11   0.31
M    145.78   207.45   0.24   206.42   0.33
M    153.07   207.37   0.21   206.64   0.29
M    160.73   207.31   0.21   206.70   0.29
M    168.76   207.13   0.20   207.19   0.24
M    177.20   207.03   0.21   207.13   0.19
M    186.06   207.02   0.20   207.09   0.19
M    195.36   207.05   0.16   207.05   0.20
M    205.13   207.06   0.15   206.46   0.22
M    215.39   207.06   0.11   206.59   0.20
M    226.16   207.07   0.12   207.07   0.18
