###  1237667444585529472 0.396 27.956 206.017563
# method  r_pixel  i1_cts i1_cts_err i2_cts i2_cts_err
I      3.00   410.15   0.71   904.19   6.78
I      5.00   298.69   1.30   447.03   5.87
I      7.00   261.48   1.62   317.38   2.54
I      9.00   245.60   2.48   269.79   2.41
M     11.00   247.14   1.32   261.17   3.16
M     13.00   235.24   3.14   241.92   1.88
M     15.00   225.36   2.45   234.11   2.21
M     17.00   226.93   1.39   223.71   0.63
M     19.00   222.74   1.50   224.73   1.70
M     21.00   223.83   1.57   220.56   2.28
M     23.00   217.55   1.44   221.60   1.49
M     25.00   219.70   1.92   222.73   1.77
M     27.00   213.47   1.57   217.43   1.88
M     29.00   210.86   1.28   215.40   2.11
M     31.00   213.39   1.46   214.37   1.25
M     33.00   211.42   1.06   212.84   1.50
M     35.00   212.45   1.82   212.26   1.50
M     37.00   214.53   1.57   211.15   1.67
M     39.00   210.39   1.46   209.25   1.70
M     41.00   210.36   1.34   212.24   1.32
M     43.05   209.35   1.53   209.23   1.16
M     45.20   208.29   1.20   210.25   1.19
M     47.46   208.26   1.07   208.22   1.32
M     49.84   209.36   0.68   207.21   1.26
M     52.33   209.02   0.54   210.70   1.10
M     54.94   208.49   0.18   208.24   0.98
M     57.69   208.08   0.02   209.15   1.23
M     60.58   207.86   0.01   207.13   0.96
M     63.60   207.67   0.01   205.99   0.92
M     66.78   207.62   0.00   207.60   0.81
M     70.12   207.53   0.01   207.98   0.78
M     73.63   207.31   0.06   206.01   0.85
M     77.31   207.07   0.43   206.08   0.70
M     81.18   206.85   0.61   207.99   0.72
