###  1237667323260567605 0.396 27.989 172.08398
# method  r_pixel  i1_cts i1_cts_err i2_cts i2_cts_err
I      3.00   261.85   3.91   284.46   3.80
I      5.00   239.66   2.16   265.21   1.87
I      7.00   227.79   1.85   232.33   1.54
I      9.00   201.47   2.87   217.09   0.86
M     11.00   201.08   2.06   209.01   2.43
M     13.00   198.13   2.58   200.12   1.60
M     15.00   194.19   2.72   196.18   2.17
M     17.00   192.69   2.33   198.17   1.51
M     19.00   186.27   1.66   190.24   1.35
M     21.00   185.28   1.76   192.23   1.19
M     23.00   186.27   1.77   187.79   1.90
M     25.00   179.35   1.24   184.34   1.67
M     27.00   180.84   1.05   182.37   1.64
M     29.00   178.37   1.61   183.32   1.67
M     31.00   179.34   1.56   180.88   1.53
M     33.00   177.36   1.28   176.94   1.55
M     35.00   176.38   1.57   177.43   1.24
M     37.00   177.37   0.99   178.91   1.57
M     39.00   179.34   1.09   177.44   1.16
M     41.00   178.37   1.15   178.44   1.13
M     43.05   176.38   1.20   178.44   1.48
M     45.20   175.88   1.14   175.47   1.20
M     47.46   176.36   1.53   177.42   1.04
M     49.84   177.34   1.21   176.45   1.08
M     52.33   175.37   1.25   174.48   0.98
M     54.94   173.39   1.06   175.46   0.99
M     57.69   173.43   0.80   176.43   1.13
M     60.58   174.38   0.91   174.48   0.70
M     63.60   175.37   0.81   175.47   0.86
M     66.78   172.42   0.83   174.46   0.77
M     70.12   174.37   0.74   174.00   0.61
M     73.63   172.90   0.73   173.53   0.80
M     77.31   173.37   0.61   173.51   0.60
M     81.18   171.45   0.73   174.48   0.62
M     85.24   173.37   0.55   171.56   0.59
M     89.50   172.97   0.53   173.50   0.57
M     93.97   172.91   0.38   172.51   0.58
M     98.67   172.84   0.24   172.50   0.52
M    103.60   172.81   0.27   171.57   0.49
M    108.79   172.84   0.32   172.53   0.49
M    114.22   172.37   0.41   172.53   0.48
M    119.94   172.42   0.39   172.56   0.42
M    125.93   172.41   0.34   171.61   0.43
M    132.23   172.33   0.36   171.61   0.39
M    138.84   171.39   0.34   172.50   0.36
M    145.78   172.37   0.32   172.51   0.35
M    153.07   172.36   0.31   172.37   0.31
M    160.73   171.44   0.31   172.17   0.27
M    168.76   172.39   0.28   171.99   0.28
M    177.20   172.30   0.29   171.64   0.31
