###  1237667444585595001 0.396 27.956 207.04422
# method  r_pixel  i1_cts i1_cts_err i2_cts i2_cts_err
I      3.00  1897.84  40.87  1823.35  42.26
I      5.00  1179.73  23.16  1154.23  22.71
I      7.00   856.79  12.14   847.24  10.05
I      9.00   703.74   8.58   699.81   3.52
M     11.00   593.65  11.97   600.87   6.11
M     13.00   535.74   7.23   541.58   5.04
M     15.00   474.15   8.94   486.85   6.28
M     17.00   440.45   5.65   441.17   4.41
M     19.00   398.58   4.42   398.92   3.04
M     21.00   372.72   3.29   378.06   2.89
M     23.00   350.15   2.69   353.46   2.32
M     25.00   335.52   2.06   335.89   2.57
M     27.00   322.11   1.56   321.99   1.79
M     29.00   306.82   2.41   309.57   1.40
M     31.00   294.42   1.62   297.24   1.33
M     33.00   284.73   1.43   285.87   0.92
M     35.00   277.11   1.12   283.05   1.10
M     37.00   267.00   0.92   274.14   0.85
M     39.00   260.03   0.92   266.04   1.01
M     41.00   254.59   1.11   260.66   0.99
M     43.05   248.53   0.86   251.62   0.72
M     45.20   244.35   0.85   247.88   0.66
M     47.46   239.77   0.76   238.45   0.97
M     49.84   234.97   0.74   237.82   0.67
M     52.33   231.21   0.78   230.61   0.73
M     54.94   229.29   0.65   227.19   0.76
M     57.69   227.15   0.86   224.18   0.68
M     60.58   225.49   0.84   223.29   0.62
M     63.60   221.71   0.59   221.06   0.62
M     66.78   219.75   0.68   219.42   0.45
M     70.12   218.49   0.73   218.15   0.40
M     73.63   217.78   0.75   215.94   0.43
M     77.31   214.77   0.61   215.97   0.45
M     81.18   213.21   0.60   213.89   0.43
M     85.24   212.75   0.53   213.14   0.42
M     89.50   211.77   0.48   212.47   0.38
M     93.97   211.16   0.03   212.07   0.34
M     98.67   210.58   0.02   211.27   0.38
M    103.60   209.97   0.02   210.56   0.34
M    108.79   209.44   0.01   209.52   0.29
M    114.22   209.11   0.03   209.16   0.20
M    119.94   208.82   0.12   208.83   0.11
M    125.93   208.42   0.31   208.38   0.04
M    132.23   206.79   0.39   207.99   0.01
M    138.84   207.72   0.34   207.93   0.15
M    145.78   207.82   0.29   207.86   0.21
M    153.07   207.74   0.27   207.92   0.23
M    160.73   207.65   0.27   207.84   0.20
M    168.76   207.12   0.28   207.47   0.19
M    177.20   206.90   0.27   207.36   0.18
