###  1237667324334571534 0.396 27.978 164.88959
# method  r_pixel  i1_cts i1_cts_err i2_cts i2_cts_err
I      3.00  3249.23  22.17  4565.46 115.58
I      5.00  2063.43  12.58  2995.37  75.11
I      7.00  1379.21   5.58  1849.83  39.07
I      9.00   991.21   6.44  1274.64  22.50
M     11.00   791.91  19.10   966.26  30.41
M     13.00   635.87  11.90   739.48  19.69
M     15.00   549.16   6.70   611.19  10.75
M     17.00   480.30   6.63   530.49   8.21
M     19.00   417.72   5.96   469.14   7.01
M     21.00   371.53   3.40   413.36   6.14
M     23.00   346.33   4.13   354.71   5.11
M     25.00   322.88   3.58   334.04   2.99
M     27.00   296.35   2.77   304.78   2.98
M     29.00   275.19   2.44   285.12   2.57
M     31.00   262.77   2.23   271.44   2.64
M     33.00   250.39   2.18   256.14   2.59
M     35.00   246.78   1.73   249.37   1.70
M     37.00   237.64   1.42   240.73   1.37
M     39.00   228.52   1.37   231.28   1.64
M     41.00   219.22   1.65   227.20   1.07
M     43.05   213.02   1.34   217.11   1.66
M     45.20   210.40   1.42   213.61   1.53
M     47.46   202.82   1.09   210.18   1.19
M     49.84   199.76   0.92   202.78   0.99
M     52.33   195.74   0.85   197.99   0.96
M     54.94   191.13   0.91   194.01   0.93
M     57.69   186.56   0.88   191.01   0.85
M     60.58   183.65   0.75   186.97   0.76
M     63.60   180.51   0.73   185.56   0.71
M     66.78   179.14   0.63   179.87   0.78
M     70.12   177.23   0.73   179.29   0.61
M     73.63   175.58   0.66   177.01   0.58
M     77.31   174.31   0.54   174.68   0.55
M     81.18   172.35   0.43   172.96   0.38
M     85.24   171.27   0.30   172.19   0.53
M     89.50   170.66   0.03   171.07   0.46
M     93.97   170.03   0.04   170.54   0.34
M     98.67   169.13   0.13   169.78   0.27
M    103.60   168.59   0.15   169.04   0.17
M    108.79   168.23   0.42   168.48   0.30
M    114.22   166.70   0.36   168.20   0.36
M    119.94   166.09   0.40   168.00   0.41
M    125.93   165.88   0.37   167.10   0.41
M    132.23   165.00   0.34   167.22   0.36
M    138.84   164.20   0.34   167.17   0.37
M    145.78   164.72   0.31   166.97   0.32
M    153.07   163.76   0.34   167.22   0.32
M    160.73   163.71   0.28   166.54   0.30
M    168.76   164.06   0.28   167.07   0.28
M    177.20   163.99   0.25   167.69   0.30
