###  1237667323797110932 0.396 27.931 168.325653
# method  r_pixel  i1_cts i1_cts_err i2_cts i2_cts_err
I      3.00   725.80   5.17   448.57   7.01
I      5.00   458.70   2.04   347.07   6.91
I      7.00   342.47   0.76   298.52   4.95
I      9.00   287.14   1.01   258.49   1.50
M     11.00   260.18   2.09   245.21   2.17
M     13.00   239.18   3.14   242.20   2.53
M     15.00   220.22   3.46   225.16   2.14
M     17.00   210.70   2.20   216.15   1.36
M     19.00   197.19   2.53   200.17   2.52
M     21.00   192.21   2.06   192.18   1.83
M     23.00   183.70   1.79   185.18   1.70
M     25.00   179.71   1.23   186.67   1.35
M     27.00   179.21   1.45   178.18   1.60
M     29.00   175.21   1.98   176.18   1.47
M     31.00   173.21   1.35   179.17   1.35
M     33.00   173.17   0.84   174.52   1.53
M     35.00   172.23   0.74   172.99   0.29
M     37.00   172.14   0.41   172.20   0.11
M     39.00   171.97   0.39   172.08   0.01
M     41.00   171.73   0.29   171.86   0.01
M     43.05   171.23   0.18   171.63   0.02
M     45.20   170.71   0.35   171.08   0.03
M     47.46   169.93   0.58   170.53   0.04
M     49.84   169.28   0.98   169.71   0.04
M     52.33   169.39   0.68   169.25   0.01
M     54.94   169.61   0.43   169.54   0.02
M     57.69   169.53   0.56   169.64   0.01
M     60.58   169.29   0.52   169.41   0.01
M     63.60   169.09   0.81   169.22   0.06
M     66.78   168.24   0.65   169.16   0.71
M     70.12   168.24   0.63   168.82   0.57
M     73.63   168.25   0.59   168.72   0.43
M     77.31   169.24   0.72   168.67   0.41
M     81.18   169.24   0.64   168.65   0.44
M     85.24   167.25   0.56   168.57   0.47
M     89.50   167.75   0.54   169.14   0.63
M     93.97   168.26   0.55   168.14   0.55
M     98.67   167.26   0.53   169.15   0.61
M    103.60   168.26   0.50   169.13   0.56
