###  1237667444585201733 0.396 27.956 204.06221
# method  r_pixel  i1_cts i1_cts_err i2_cts i2_cts_err
I      3.00   448.18   2.37   805.70  17.21
I      5.00   367.47   3.05   510.87   5.44
I      7.00   312.87   2.85   378.17   2.88
I      9.00   303.68   3.46   317.78   1.47
M     11.00   278.54   1.68   298.76   2.36
M     13.00   271.77   2.89   282.11   3.87
M     15.00   257.28   2.19   269.69   3.54
M     17.00   240.10   2.61   250.51   2.92
M     19.00   231.29   1.42   241.67   1.39
M     21.00   225.57   1.53   229.21   1.53
M     23.00   220.89   1.44   224.01   1.36
M     25.00   219.33   2.05   219.33   1.54
M     27.00   216.74   2.17   215.69   1.97
M     29.00   213.62   1.69   214.66   1.19
M     31.00   210.51   2.18   209.99   1.31
M     33.00   209.47   1.45   209.47   1.54
M     35.00   207.39   1.43   205.31   1.36
M     37.00   208.43   1.43   206.34   0.87
M     39.00   205.31   1.65   208.94   1.31
M     41.00   209.47   1.29   205.83   1.44
M     43.05   204.28   1.44   206.34   1.05
M     45.20   205.32   0.70   203.24   1.16
M     47.46   205.83   1.05   205.83   1.20
M     49.84   204.27   1.17   206.34   1.00
M     52.33   207.39   1.00   205.30   0.92
M     54.94   204.28   1.08   206.35   1.05
M     57.69   204.28   0.84   204.27   1.15
M     60.58   203.76   0.88   204.26   0.95
M     63.60   203.25   0.64   204.27   0.90
M     66.78   205.31   0.86   203.24   0.80
M     70.12   205.32   0.75   205.30   0.75
M     73.63   204.28   0.73   204.28   0.79
M     77.31   206.34   0.69   204.26   0.74
M     81.18   205.31   0.70   204.27   0.61
M     85.24   204.28   0.67   204.27   0.63
M     89.50   204.26   0.65   206.33   0.60
M     93.97   204.27   0.52   204.28   0.65
M     98.67   205.30   0.55   205.30   0.59
M    103.60   204.29   0.55   204.23   0.48
M    108.79   203.56   0.48   204.05   0.45
M    114.22   204.26   0.43   203.91   0.36
