###  1237667444585136268 0.396 27.956 203.84319
# method  r_pixel  i1_cts i1_cts_err i2_cts i2_cts_err
I      3.00   293.46   2.02   344.25   2.90
I      5.00   266.77   1.99   307.04   1.87
I      7.00   247.23   1.07   273.29   1.20
I      9.00   248.39   1.01   251.66   1.69
M     11.00   238.57   1.58   246.93   1.77
M     13.00   232.36   1.81   235.48   1.26
M     15.00   226.12   2.77   230.80   2.45
M     17.00   222.99   1.59   226.12   1.39
M     19.00   226.12   1.89   228.72   1.54
M     21.00   216.23   1.32   225.08   1.50
M     23.00   215.71   1.50   220.91   1.23
M     25.00   213.63   1.18   217.79   1.96
M     27.00   211.55   1.58   217.27   2.05
M     29.00   213.63   1.46   215.19   1.04
M     31.00   209.46   1.15   211.56   1.41
M     33.00   210.50   1.59   211.56   1.34
M     35.00   208.43   1.59   212.08   1.34
M     37.00   207.38   1.20   210.51   1.29
M     39.00   209.46   1.26   206.88   1.18
M     41.00   205.30   1.53   208.96   1.51
M     43.05   204.26   1.21   209.47   1.39
M     45.20   206.34   1.43   206.36   1.28
M     47.46   205.30   0.87   206.36   1.30
M     49.84   203.22   0.99   205.32   1.09
M     52.33   204.26   0.94   205.46   0.40
M     54.94   205.30   0.93   205.34   0.30
M     57.69   205.30   0.99   205.20   0.36
M     60.58   204.26   0.95   204.85   0.20
M     63.60   204.26   0.92   204.65   0.39
M     66.78   205.29   0.75   204.72   0.25
M     70.12   203.74   0.70   204.53   0.41
M     73.63   204.25   0.75   203.82   0.69
M     77.31   203.21   0.64   203.83   0.64
M     81.18   203.21   0.71   203.85   0.56
M     85.24   204.25   0.59   203.97   0.64
M     89.50   203.21   0.65   204.28   0.60
M     93.97   204.25   0.62   204.28   0.53
M     98.67   203.73   0.55   204.28   0.54
M    103.60   203.20   0.52   203.23   0.52
M    108.79   203.20   0.46   203.24   0.54
M    114.22   204.24   0.43   203.88   0.43
M    119.94   204.24   0.49   203.74   0.41
M    125.93   204.23   0.39   203.80   0.33
M    132.23   204.23   0.41   203.85   0.38
M    138.84   204.22   0.39   203.82   0.39
M    145.78   203.19   0.38   204.27   0.37
