###  1237667443511525379 0.396 27.973 216.87756
# method  r_pixel  i1_cts i1_cts_err i2_cts i2_cts_err
I      3.00  1193.68  10.43  1912.80  71.74
I      5.00   647.07   4.33   906.28  15.21
I      7.00   466.80   5.02   588.41   6.16
I      9.00   396.23   1.04   450.55   7.22
M     11.00   343.88   4.23   382.47   3.20
M     13.00   321.93   3.11   345.58   3.41
M     15.00   305.28   2.49   316.80   3.48
M     17.00   288.01   1.60   296.15   1.72
M     19.00   274.91   2.03   283.04   2.64
M     21.00   267.40   1.84   276.50   2.61
M     23.00   253.79   2.02   261.10   1.98
M     25.00   242.33   2.12   252.37   1.83
M     27.00   241.37   1.81   247.12   1.25
M     29.00   234.19   1.56   239.23   1.02
M     31.00   232.66   1.34   235.50   1.09
M     33.00   229.35   1.08   232.30   1.33
M     35.00   226.34   0.77   228.09   0.87
M     37.00   227.00   1.05   228.14   1.22
M     39.00   225.90   1.15   227.40   1.25
M     41.00   225.12   1.06   223.73   1.06
M     43.05   224.96   0.91   226.13   1.11
M     45.20   226.06   1.18   222.08   1.22
M     47.46   223.71   1.03   223.51   0.96
M     49.84   220.94   0.82   220.20   0.93
M     52.33   222.76   1.00   221.63   0.75
M     54.94   220.15   0.88   221.53   0.74
M     57.69   220.61   0.84   219.94   0.93
M     60.58   220.27   0.79   220.39   0.83
M     63.60   218.87   0.63   220.68   0.67
M     66.78   219.38   0.75   218.86   0.74
M     70.12   219.47   0.60   218.62   0.69
M     73.63   218.81   0.59   218.11   0.68
M     77.31   217.52   0.62   218.18   0.55
M     81.18   216.87   0.59   217.88   0.37
M     85.24   217.52   0.52   217.76   0.21
M     89.50   216.92   0.47   217.64   0.30
M     93.97   218.18   0.51   217.58   0.44
M     98.67   217.98   0.47   217.47   0.41
M    103.60   216.22   0.42   217.19   0.35
M    108.79   217.13   0.43   217.03   0.28
M    114.22   215.93   0.40   217.07   0.28
M    119.94   217.10   0.38   217.17   0.42
M    125.93   217.06   0.30   217.08   0.30
M    132.23   216.97   0.29   217.00   0.30
M    138.84   216.91   0.30   216.93   0.28
M    145.78   216.24   0.32   216.92   0.31
M    153.07   217.01   0.30   216.82   0.31
M    160.73   217.03   0.26   216.81   0.29
M    168.76   216.94   0.23   216.91   0.28
M    177.20   216.91   0.23   216.76   0.27
