###  1237667323260436605 0.396 27.989 176.19839
# method  r_pixel  i1_cts i1_cts_err i2_cts i2_cts_err
I      3.00   249.66   3.20   381.58   1.59
I      5.00   219.89   1.92   257.43   0.88
I      7.00   199.79   1.74   214.57   3.20
I      9.00   191.82   1.72   197.34   2.36
M     11.00   184.12   1.55   192.01   1.89
M     13.00   185.12   1.43   186.07   1.38
M     15.00   183.15   1.20   182.12   2.24
M     17.00   177.22   1.50   182.12   1.00
M     19.00   177.71   2.36   177.19   1.14
M     21.00   176.23   1.19   176.19   1.32
M     23.00   178.70   1.14   180.63   1.65
M     25.00   177.23   1.61   179.15   1.46
M     27.00   177.23   1.02   175.70   1.17
M     29.00   173.77   1.81   175.20   1.11
M     31.00   176.25   1.40   175.69   1.64
M     33.00   177.24   1.51   176.18   0.84
M     35.00   179.22   1.22   176.18   1.14
M     37.00   175.26   1.59   176.18   1.37
M     39.00   176.25   1.37   178.16   1.39
M     41.00   177.24   1.12   178.15   1.12
M     43.05   175.77   0.91   176.18   1.10
M     45.20   175.27   1.03   176.17   0.95
M     47.46   175.28   1.13   176.17   0.80
M     49.84   175.28   0.95   176.17   0.93
M     52.33   174.28   0.95   175.17   0.82
M     54.94   176.27   1.00   176.17   0.77
M     57.69   177.25   0.81   176.16   0.88
M     60.58   175.29   0.77   176.65   0.70
M     63.60   176.27   0.73   175.18   0.85
M     66.78   176.28   0.71   176.20   0.76
