###  1237667323260370980 0.396 27.989 177.00211
# method  r_pixel  i1_cts i1_cts_err i2_cts i2_cts_err
I      3.00  1317.17  14.60  2610.08  24.05
I      5.00   943.29   8.29  1488.52   4.70
I      7.00   759.82   8.38  1038.38   6.85
I      9.00   637.89   9.02   809.46   7.65
M     11.00   576.37   3.60   634.61  13.81
M     13.00   522.11   6.06   566.56   6.19
M     15.00   488.39   3.93   516.29   7.90
M     17.00   457.74   3.45   482.11   6.35
M     19.00   437.20   3.00   443.95   4.99
M     21.00   401.65   3.14   416.82   3.86
M     23.00   377.74   2.79   390.92   2.73
M     25.00   361.19   1.30   372.99   2.79
M     27.00   345.25   2.04   352.30   2.23
M     29.00   334.52   1.80   345.86   2.04
M     31.00   325.63   2.26   331.45   2.34
M     33.00   310.76   2.38   315.67   2.08
M     35.00   292.98   1.94   303.87   1.33
M     37.00   284.09   1.31   292.98   2.14
M     39.00   273.21   1.55   279.19   1.22
M     41.00   266.32   1.35   269.23   1.41
M     43.05   256.51   1.15   260.34   1.65
M     45.20   249.04   1.48   249.53   1.50
M     47.46   244.63   1.40   245.59   1.16
M     49.84   238.65   1.17   238.65   1.19
M     52.33   234.25   1.18   234.67   0.97
M     54.94   226.31   0.99   229.76   0.99
M     57.69   221.87   0.97   224.86   1.10
M     60.58   216.97   0.89   217.39   0.90
M     63.60   211.03   0.80   213.96   0.67
M     66.78   209.07   0.66   207.08   0.70
M     70.12   205.60   0.72   205.09   0.73
M     73.63   205.13   0.90   202.10   0.69
M     77.31   202.16   1.03   198.15   0.71
M     81.18   199.19   0.81   195.18   0.63
M     85.24   196.25   0.73   192.23   0.64
M     89.50   191.28   0.66   191.22   0.53
M     93.97   188.68   0.50   187.29   0.50
M     98.67   187.15   0.32   186.27   0.55
M    103.60   185.94   0.26   184.30   0.45
M    108.79   184.83   0.36   184.30   0.44
M    114.22   183.66   0.44   184.28   0.41
M    119.94   183.06   0.36   182.31   0.46
M    125.93   182.20   0.34   181.32   0.37
M    132.23   181.46   0.33   180.36   0.38
M    138.84   180.49   0.37   180.31   0.34
M    145.78   179.50   0.32   180.31   0.32
M    153.07   180.46   0.33   179.33   0.31
M    160.73   178.53   0.32   179.33   0.32
M    168.76   179.50   0.28   179.30   0.30
M    177.20   178.53   0.29   178.36   0.27
M    186.06   177.57   0.27   178.30   0.27
M    195.36   178.22   0.20   178.32   0.24
M    205.13   178.05   0.21   178.00   0.21
M    215.39   177.53   0.22   177.86   0.18
M    226.16   177.56   0.21   177.75   0.19
