###  1237667444048658522 0.396 27.91 209.60054
# method  r_pixel  i1_cts i1_cts_err i2_cts i2_cts_err
I      3.00  1256.94  14.55  2027.39  63.30
I      5.00   815.71  12.07  1073.43  18.43
I      7.00   605.26   5.41   744.47  10.36
I      9.00   497.32   8.24   582.79   7.30
M     11.00   441.08   3.75   488.56   5.63
M     13.00   402.88   4.60   439.80   4.09
M     15.00   380.13   4.20   404.04   3.17
M     17.00   369.39   3.79   381.10   3.70
M     19.00   343.51   4.07   356.91   3.00
M     21.00   330.69   4.67   338.49   3.09
M     23.00   307.06   1.92   317.20   2.78
M     25.00   292.70   3.42   303.95   2.49
M     27.00   281.20   2.90   287.24   1.90
M     29.00   271.39   1.32   272.51   2.46
M     31.00   260.27   1.30   262.79   1.20
M     33.00   248.95   1.22   249.66   2.06
M     35.00   241.28   1.76   244.27   1.61
M     37.00   236.90   1.61   237.60   1.00
M     39.00   237.15   1.65   237.53   1.42
M     41.00   233.74   1.12   231.91   1.32
M     43.05   231.42   1.14   232.12   1.17
M     45.20   228.72   1.23   227.25   1.19
M     47.46   225.40   1.18   223.60   0.88
M     49.84   222.27   0.82   222.17   1.00
M     52.33   219.61   0.96   220.23   1.01
M     54.94   217.53   0.82   216.60   0.79
M     57.69   213.60   0.96   216.04   1.03
M     60.58   212.61   0.96   213.55   0.70
M     63.60   210.82   0.86   212.20   0.79
M     66.78   212.92   0.82   211.64   0.80
M     70.12   211.74   0.73   211.54   0.69
M     73.63   210.92   0.60   211.26   0.64
M     77.31   211.04   0.70   208.92   0.69
M     81.18   211.29   0.73   208.30   0.65
M     85.24   209.90   0.63   210.17   0.60
M     89.50   209.05   0.65   211.15   0.60
M     93.97   209.24   0.60   211.09   0.55
M     98.67   208.98   0.51   210.03   0.47
M    103.60   209.05   0.49   209.52   0.48
M    108.79   208.24   0.48   209.47   0.30
M    114.22   207.43   0.47   209.45   0.16
M    119.94   209.21   0.39   209.39   0.18
M    125.93   208.70   0.37   209.42   0.22
M    132.23   208.65   0.40   209.63   0.29
M    138.84   208.48   0.39   209.60   0.32
M    145.78   208.51   0.36   209.47   0.17
M    153.07   209.28   0.34   209.57   0.10
M    160.73   208.79   0.34   209.74   0.18
M    168.76   208.72   0.31   209.75   0.20
M    177.20   208.12   0.27   209.70   0.19
M    186.06   209.14   0.41   209.61   0.24
