###  1237665427552993436 0.396 27.836 159.27354
# method  r_pixel  i1_cts i1_cts_err i2_cts i2_cts_err
I      3.00   323.77   2.65   424.28   1.76
I      5.00   268.79   1.56   331.05   3.56
I      7.00   244.42   1.13   275.96   1.45
I      9.00   225.98   3.65   247.51   1.52
M     11.00   213.45   3.28   231.90   1.71
M     13.00   207.96   1.84   219.43   2.02
M     15.00   205.96   2.35   205.96   2.52
M     17.00   196.99   1.45   202.97   1.99
M     19.00   194.92   2.06   196.92   1.73
M     21.00   187.94   2.01   190.93   1.83
M     23.00   184.45   1.03   187.94   1.05
M     25.00   180.94   1.48   184.95   1.26
M     27.00   174.94   1.05   178.93   1.21
M     29.00   173.94   1.05   171.92   1.07
M     31.00   174.94   1.31   173.92   1.02
M     33.00   167.94   1.64   173.42   1.29
M     35.00   168.44   0.84   171.91   1.14
M     37.00   165.93   1.24   168.92   1.11
M     39.00   165.93   0.70   166.91   1.08
M     41.00   166.94   0.76   167.90   1.23
M     43.05   164.94   0.92   165.98   1.22
M     45.20   164.31   0.53   166.91   1.10
M     47.46   163.79   0.12   164.74   0.83
M     49.84   163.11   0.04   164.24   0.72
M     52.33   162.45   0.04   163.50   0.98
M     54.94   161.85   0.03   162.82   0.67
M     57.69   161.43   0.01   161.97   0.47
M     60.58   161.20   0.02   161.55   0.53
M     63.60   160.87   0.15   161.25   0.62
M     66.78   160.41   0.29   160.99   0.54
M     70.12   160.04   0.51   160.41   0.56
M     73.63   158.94   0.64   160.09   0.50
M     77.31   159.94   0.57   159.84   0.51
M     81.18   158.94   0.59   159.69   0.53
M     85.24   159.94   0.52   158.89   0.47
M     89.50   160.93   0.52   158.89   0.49
M     93.97   159.93   0.51   158.88   0.42
M     98.67   158.94   0.44   157.88   0.48
M    103.60   159.93   0.42   158.88   0.46
M    108.79   159.93   0.44   159.38   0.40
M    114.22   159.93   0.41   158.87   0.39
M    119.94   159.94   0.33   159.35   0.26
M    125.93   159.93   0.35   159.36   0.25
M    132.23   159.16   0.30   159.24   0.21
M    138.84   159.14   0.26   159.13   0.23
M    145.78   159.32   0.25   159.20   0.27
M    153.07   159.39   0.28   159.85   0.31
M    160.73   159.93   0.27   158.85   0.30
M    168.76   159.40   0.23   158.85   0.28
M    177.20   159.47   0.22   158.84   0.25
