###  1237667324335226892 0.396 27.978 168.78226
# method  r_pixel  i1_cts i1_cts_err i2_cts i2_cts_err
I      3.00   264.31   1.03   436.26   5.03
I      5.00   240.22   3.05   333.04   5.07
I      7.00   210.40   2.23   261.58   2.97
I      9.00   208.21   1.75   228.09   2.71
M     11.00   189.90   5.55   198.04   2.36
M     13.00   184.86   4.41   188.08   1.29
M     15.00   182.02   3.24   184.33   2.70
M     17.00   180.30   2.78   176.15   2.53
M     19.00   173.07   2.26   173.93   1.51
M     21.00   178.66   3.21   175.59   2.32
M     23.00   176.62   2.81   174.61   1.14
M     25.00   175.17   2.82   173.41   1.28
M     27.00   171.13   3.04   172.37   0.90
M     29.00   167.52   2.47   169.25   2.18
M     31.00   168.00   2.11   172.17   1.04
M     33.00   174.31   1.82   170.30   1.05
M     35.00   170.39   1.54   170.28   1.10
M     37.00   169.72   3.62   167.17   1.29
M     39.00   169.30   1.42   171.33   1.33
M     41.00   169.33   0.36   170.29   1.11
M     43.05   169.34   0.00   169.24   1.19
M     45.20   169.33   0.00   172.36   1.01
M     47.46   169.34   0.00   169.24   0.98
M     49.84   169.38   0.01   170.28   1.10
M     52.33   169.36   0.01   169.24   1.13
M     54.94   169.23   0.02   169.24   0.97
M     57.69   169.16   0.01   169.23   0.87
M     60.58   169.21   0.01   167.16   0.83
M     63.60   169.20   0.01   169.23   0.80
M     66.78   169.06   0.02   167.16   0.81
M     70.12   168.88   0.01   166.13   0.70
M     73.63   168.88   0.20   169.22   0.73
M     77.31   168.81   0.48   169.22   0.60
M     81.18   168.68   0.47   168.17   0.62
