###  1237665441515896903 0.396 27.877 189.02623
# method  r_pixel  i1_cts i1_cts_err i2_cts i2_cts_err
I      3.00   375.46   7.14   417.60   9.93
I      5.00   309.87   2.52   316.56   2.01
I      7.00   270.52   4.73   278.21   2.88
I      9.00   235.39   1.25   245.55   2.29
M     11.00   216.36   1.10   219.26   2.94
M     13.00   209.55   2.87   214.42   2.36
M     15.00   196.47   1.22   203.26   1.83
M     17.00   196.46   1.72   195.98   2.10
M     19.00   192.58   2.05   193.07   1.82
M     21.00   193.06   1.73   187.25   1.20
M     23.00   193.06   1.02   191.61   1.49
M     25.00   191.12   1.95   187.25   1.99
M     27.00   186.27   1.59   187.73   1.96
M     29.00   189.19   1.75   190.16   1.67
M     31.00   191.12   1.78   187.25   1.53
M     33.00   190.15   1.46   189.19   1.59
M     35.00   189.18   1.55   187.74   1.83
M     37.00   188.21   1.16   190.64   1.35
M     39.00   191.12   1.60   189.19   1.30
M     41.00   190.15   1.19   190.16   0.94
M     43.05   188.20   0.98   188.22   0.96
M     45.20   189.17   0.93   187.25   1.35
M     47.46   190.15   1.32   190.16   1.05
M     49.84   190.14   0.76   187.25   0.83
M     52.33   189.18   0.89   190.64   1.12
M     54.94   188.20   0.96   188.71   0.76
M     57.69   190.14   0.94   189.19   0.86
M     60.58   188.20   0.88   188.22   0.95
M     63.60   189.17   0.78   190.16   0.67
M     66.78   189.16   1.03   190.16   0.92
