###  1237667323797635307 0.396 27.932 160.19595
# method  r_pixel  i1_cts i1_cts_err i2_cts i2_cts_err
I      3.00   505.71   4.91   968.73  34.13
I      5.00   337.98   4.51   549.30  29.10
I      7.00   285.38   1.46   394.94  10.56
I      9.00   257.65   4.02   340.76   6.97
M     11.00   238.27   3.59   304.76   3.06
M     13.00   227.30   3.02   279.76   3.85
M     15.00   205.87   3.52   259.34   4.70
M     17.00   198.39   2.52   240.31   3.50
M     19.00   191.37   2.05   223.89   2.66
M     21.00   190.39   1.47   215.39   2.35
M     23.00   188.36   1.83   203.40   1.67
M     25.00   186.40   2.17   193.92   1.48
M     27.00   184.38   1.54   188.43   1.93
M     29.00   177.88   1.83   183.42   1.47
M     31.00   177.37   1.31   184.44   1.99
M     33.00   175.39   1.31   177.94   1.15
M     35.00   171.38   1.02   174.45   1.15
M     37.00   171.39   1.10   176.44   1.63
M     39.00   173.39   1.66   171.45   1.18
M     41.00   172.37   1.37   169.45   0.77
M     43.05   173.87   1.09   169.45   1.37
M     45.20   173.87   1.22   166.45   1.04
M     47.46   173.37   1.30   164.96   0.84
M     49.84   170.38   1.39   162.97   0.85
M     52.33   170.88   1.02   161.47   1.17
M     54.94   168.37   0.83   163.47   0.91
M     57.69   167.87   0.95   161.48   0.95
M     60.58   165.37   0.77   161.47   0.72
M     63.60   164.37   0.81   160.48   0.67
M     66.78   161.91   0.53   162.48   0.71
M     70.12   161.42   0.39   159.49   0.79
M     73.63   161.10   0.37   159.49   0.63
M     77.31   160.78   0.30   160.50   0.61
M     81.18   160.54   0.09   160.49   0.53
M     85.24   160.43   0.19   160.43   0.51
M     89.50   160.42   0.26   160.42   0.40
M     93.97   160.39   0.38   160.38   0.37
M     98.67   160.30   0.32   160.32   0.48
M    103.60   160.29   0.38   159.52   0.53
M    108.79   161.33   0.51   159.53   0.47
M    114.22   161.32   0.45   159.54   0.45
M    119.94   161.31   0.39   159.54   0.43
M    125.93   160.31   0.38   160.52   0.44
M    132.23   160.31   0.39   159.55   0.36
M    138.84   160.32   0.37   160.26   0.31
M    145.78   160.30   0.32   160.25   0.30
M    153.07   160.29   0.31   160.25   0.31
M    160.73   160.27   0.29   160.25   0.24
M    168.76   160.22   0.47   160.23   0.32
