###  1237667444048789861 0.396 27.91 209.869019
# method  r_pixel  i1_cts i1_cts_err i2_cts i2_cts_err
I      3.00   556.30  10.25   887.68  19.87
I      5.00   371.25   5.12   476.51   1.83
I      7.00   305.45   1.71   345.15   3.16
I      9.00   267.58   2.56   288.96   3.99
M     11.00   258.79   3.44   262.78   1.45
M     13.00   239.80   2.26   246.82   1.74
M     15.00   233.82   2.28   239.32   1.35
M     17.00   231.82   1.92   235.81   2.45
M     19.00   227.32   1.78   223.82   1.68
M     21.00   219.82   1.74   226.83   1.83
M     23.00   220.81   1.26   222.33   2.05
M     25.00   219.82   1.57   222.83   1.33
M     27.00   218.82   1.49   221.83   1.51
M     29.00   219.82   1.81   218.33   1.78
M     31.00   217.31   1.55   216.83   1.42
M     33.00   216.82   2.02   215.84   1.34
M     35.00   211.82   1.43   212.84   1.59
M     37.00   211.82   1.91   215.85   1.22
M     39.00   210.82   1.47   214.84   1.37
M     41.00   214.81   1.57   212.85   1.53
M     43.05   211.81   1.74   210.85   1.46
M     45.20   210.82   1.19   213.85   1.30
M     47.46   210.81   1.08   212.35   1.34
M     49.84   213.81   1.05   210.85   1.07
M     52.33   212.80   1.03   211.85   0.77
M     54.94   210.81   1.07   210.85   0.72
M     57.69   211.80   0.89   210.85   0.94
M     60.58   210.80   0.84   208.85   0.85
M     63.60   211.80   0.87   210.86   0.80
M     66.78   210.80   0.82   209.86   0.77
M     70.12   209.80   0.78   210.86   0.73
M     73.63   211.80   0.80   211.36   0.70
M     77.31   211.80   0.72   209.86   0.75
M     81.18   210.79   0.62   210.86   0.68
M     85.24   210.79   0.70   209.86   0.60
M     89.50   209.79   0.62   209.86   0.62
M     93.97   210.14   0.63   209.85   0.58
M     98.67   210.13   0.48   209.87   0.56
M    103.60   210.15   0.38   210.13   0.45
M    108.79   210.18   0.39   210.17   0.44
