###  1237667323798159456 0.396 27.932 171.05159
# method  r_pixel  i1_cts i1_cts_err i2_cts i2_cts_err
I      3.00   434.19   1.99   932.17   6.16
I      5.00   356.32   8.31   505.63   6.06
I      7.00   292.90   5.42   380.77   6.38
I      9.00   291.74   8.86   329.25   8.13
M     11.00   270.89   3.79   287.32   2.71
M     13.00   244.88   3.54   265.88   1.51
M     15.00   220.91   3.14   255.42   1.68
M     17.00   209.93   2.89   256.44   2.52
M     19.00   200.40   1.83   238.38   2.95
M     21.00   197.91   1.44   221.85   1.45
M     23.00   190.41   1.41   200.89   2.62
M     25.00   188.92   2.09   197.89   1.60
M     27.00   182.92   1.17   189.92   2.26
M     29.00   179.91   1.45   186.92   1.91
M     31.00   180.91   1.08   187.42   1.94
M     33.00   179.91   1.38   181.43   1.40
M     35.00   179.41   1.22   179.93   1.65
M     37.00   175.41   1.12   176.93   1.24
M     39.00   177.91   1.21   175.93   1.21
M     41.00   176.91   1.18   176.43   1.42
M     43.05   172.91   1.37   176.43   1.20
M     45.20   175.41   1.37   173.93   1.15
M     47.46   174.91   1.22   175.67   0.91
M     49.84   174.91   1.03   174.94   0.86
M     52.33   172.91   1.13   174.43   0.68
M     54.94   172.91   0.80   173.83   0.32
M     57.69   171.91   0.74   173.13   0.17
M     60.58   171.90   0.78   172.85   0.08
M     63.60   172.91   0.93   172.54   0.37
M     66.78   171.91   0.77   172.19   0.71
M     70.12   171.90   0.78   171.44   0.80
M     73.63   170.90   0.69   171.95   0.75
M     77.31   170.90   0.72   170.95   0.72
M     81.18   171.40   0.58   170.95   0.68
M     85.24   170.89   0.61   170.94   0.56
M     89.50   170.90   0.57   171.95   0.57
M     93.97   170.90   0.59   170.96   0.59
M     98.67   170.90   0.56   171.45   0.56
M    103.60   171.89   0.50   170.96   0.50
M    108.79   170.90   0.47   170.95   0.47
M    114.22   169.90   0.45   170.96   0.45
M    119.94   169.90   0.43   171.06   0.39
M    125.93   170.89   0.44   171.02   0.28
M    132.23   169.89   0.39   170.97   0.33
