###  1237667322723696663 0.396 27.952 171.20401
# method  r_pixel  i1_cts i1_cts_err i2_cts i2_cts_err
I      3.00  1640.06   6.94  2558.23  53.51
I      5.00  1103.42  15.44  1539.26  29.11
I      7.00   823.68   7.51   987.79  12.06
I      9.00   633.67   8.44   831.71  11.94
M     11.00   508.35  11.60   621.23  18.51
M     13.00   436.06   9.44   506.28   7.26
M     15.00   380.95   4.08   431.32   6.58
M     17.00   359.17   2.98   391.61   3.97
M     19.00   335.32   2.87   357.54   2.33
M     21.00   311.17   2.78   333.25   3.13
M     23.00   292.66   2.04   309.03   2.35
M     25.00   272.81   2.28   285.40   1.66
M     27.00   249.55   2.53   267.92   2.50
M     29.00   235.55   2.70   251.92   1.85
M     31.00   215.66   1.61   231.62   2.29
M     33.00   209.40   1.46   216.62   1.40
M     35.00   202.59   1.95   206.44   1.00
M     37.00   193.40   1.11   200.62   1.56
M     39.00   188.55   1.03   195.81   1.28
M     41.00   186.16   1.05   190.49   1.13
M     43.05   183.24   1.42   184.20   1.21
M     45.20   181.78   0.94   183.20   0.96
M     47.46   179.37   1.12   181.27   0.92
M     49.84   177.42   0.94   178.08   0.82
M     52.33   177.40   0.94   177.27   0.60
M     54.94   175.46   0.71   176.48   0.49
M     57.69   174.02   0.87   175.85   0.47
M     60.58   175.45   0.70   175.42   0.70
M     63.60   173.52   0.73   174.52   0.60
M     66.78   174.50   0.86   174.51   0.64
M     70.12   172.56   0.66   172.58   0.67
M     73.63   172.56   0.68   173.57   0.67
M     77.31   171.64   0.55   173.05   0.60
M     81.18   170.67   0.57   171.58   0.61
M     85.24   173.53   0.59   171.59   0.50
M     89.50   171.56   0.51   171.58   0.53
M     93.97   172.14   0.45   171.63   0.45
M     98.67   172.05   0.31   172.51   0.43
M    103.60   171.96   0.22   171.57   0.41
M    108.79   171.80   0.21   171.59   0.39
M    114.22   171.65   0.30   172.53   0.41
M    119.94   170.66   0.35   171.57   0.39
M    125.93   170.66   0.34   170.65   0.34
M    132.23   171.54   0.54   171.58   0.38
