###  1237667324334964812 0.396 27.978 166.50024
# method  r_pixel  i1_cts i1_cts_err i2_cts i2_cts_err
I      3.00  1178.99   4.38  3557.57  31.68
I      5.00   686.15  10.98  1448.70   5.20
I      7.00   460.77   5.59   775.07   2.41
I      9.00   357.14   5.94   496.31   1.76
M     11.00   310.13   3.36   370.32  10.64
M     13.00   278.89   2.80   318.46   3.96
M     15.00   257.14   1.64   282.08   3.23
M     17.00   243.72   1.78   258.27   2.62
M     19.00   232.77   2.47   245.84   2.09
M     21.00   218.74   1.61   233.33   2.28
M     23.00   212.49   1.56   217.72   1.83
M     25.00   205.21   1.72   207.86   2.68
M     27.00   199.52   1.60   205.29   1.82
M     29.00   195.89   1.61   199.58   1.92
M     31.00   193.31   1.31   198.03   1.79
M     33.00   187.58   1.32   193.88   1.90
M     35.00   184.48   1.61   189.71   3.11
M     37.00   183.43   1.31   191.79   1.82
M     39.00   180.33   1.24   184.53   1.59
M     41.00   178.24   1.63   180.38   1.29
M     43.05   175.13   1.17   179.34   0.93
M     45.20   176.16   1.16   177.27   1.29
M     47.46   173.05   1.21   175.20   0.93
M     49.84   175.12   0.92   173.12   0.99
M     52.33   174.09   0.92   173.55   0.85
M     54.94   173.05   0.83   173.13   0.83
M     57.69   172.01   0.92   172.29   0.47
M     60.58   171.48   0.94   171.70   0.34
M     63.60   172.00   0.72   171.04   0.09
M     66.78   169.92   0.85   170.32   0.25
M     70.12   168.89   0.83   169.97   0.40
M     73.63   169.92   0.61   169.67   0.50
M     77.31   167.84   0.68   170.03   0.64
M     81.18   167.83   0.71   169.00   0.65
M     85.24   168.86   0.57   169.00   0.62
M     89.50   168.87   0.59   168.36   0.41
M     93.97   167.83   0.52   168.08   0.40
M     98.67   166.78   0.46   167.89   0.46
M    103.60   166.79   0.51   167.74   0.48
M    108.79   166.78   0.49   166.94   0.52
