###  1237667323260567649 0.396 27.989 172.41376
# method  r_pixel  i1_cts i1_cts_err i2_cts i2_cts_err
I      3.00   311.42   3.17   496.52   4.82
I      5.00   277.97   0.50   350.07   3.08
I      7.00   266.62   2.02   297.78   1.79
I      9.00   261.96   4.35   265.84   3.39
M     11.00   241.43   1.43   259.13   2.00
M     13.00   237.94   2.68   247.29   1.84
M     15.00   247.33   2.24   231.47   2.18
M     17.00   238.44   2.48   222.58   2.56
M     19.00   232.54   2.13   221.58   2.85
M     21.00   223.15   1.71   218.67   2.64
M     23.00   216.75   2.57   220.66   1.39
M     25.00   217.75   2.56   213.69   2.31
M     27.00   214.76   3.22   217.18   1.22
M     29.00   210.80   1.13   214.68   1.86
M     31.00   205.91   2.15   210.74   1.70
M     33.00   204.91   2.16   204.82   2.30
M     35.00   202.92   1.66   208.78   1.84
M     37.00   200.97   1.10   201.87   2.81
M     39.00   197.98   1.16   200.37   1.96
M     41.00   194.05   1.05   196.91   1.70
M     43.05   188.14   1.01   195.91   1.57
M     45.20   184.19   1.21   193.96   1.20
M     47.46   182.21   1.15   190.97   1.42
M     49.84   179.27   1.20   185.07   1.33
M     52.33   178.27   0.89   181.10   1.23
M     54.94   175.32   1.07   180.10   0.91
M     57.69   176.31   1.01   178.13   1.10
M     60.58   177.30   0.78   179.11   0.84
M     63.60   175.81   0.88   176.17   0.93
M     66.78   176.32   0.82   176.15   0.82
M     70.12   176.31   0.74   176.02   0.61
M     73.63   174.36   0.64   175.50   0.64
M     77.31   175.34   0.66   175.19   0.36
M     81.18   174.36   0.59   174.66   0.39
M     85.24   173.86   0.65   174.07   0.56
M     89.50   174.36   0.57   173.75   0.48
M     93.97   173.41   0.58   172.66   0.50
M     98.67   172.42   0.55   173.13   0.47
M    103.60   173.39   0.57   173.14   0.53
M    108.79   173.41   0.51   173.11   0.43
M    114.22   172.43   0.41   172.15   0.48
M    119.94   172.43   0.49   172.14   0.43
M    125.93   172.44   0.44   173.08   0.44
M    132.23   172.44   0.39   172.14   0.41
M    138.84   172.43   0.40   172.13   0.40
M    145.78   172.46   0.38   173.06   0.38
M    153.07   172.45   0.36   173.04   0.33
M    160.73   172.49   0.29   172.09   0.34
M    168.76   172.37   0.19   172.11   0.33
M    177.20   172.24   0.18   172.04   0.29
M    186.06   172.26   0.23   172.02   0.29
M    195.36   172.31   0.22   172.07   0.28
M    205.13   172.30   0.17   172.07   0.25
M    215.39   172.29   0.13   173.01   0.25
M    226.16   172.32   0.21   172.00   0.23
