###  1237667444585660537 0.396 27.956 206.99661
# method  r_pixel  i1_cts i1_cts_err i2_cts i2_cts_err
I      3.00   538.87   9.73   777.21  30.24
I      5.00   395.61   0.75   431.05   4.20
I      7.00   352.87   2.16   359.45   1.52
I      9.00   326.64   1.05   330.37   2.62
M     11.00   297.58   2.56   314.23   2.36
M     13.00   280.96   3.48   285.09   5.39
M     15.00   260.70   3.31   269.55   3.87
M     17.00   246.65   2.54   259.14   2.77
M     19.00   244.59   2.19   243.53   1.95
M     21.00   240.44   1.42   239.40   2.56
M     23.00   239.39   1.60   233.68   1.79
M     25.00   229.00   2.22   231.08   1.43
M     27.00   226.91   1.73   223.79   2.39
M     29.00   225.36   1.79   221.71   1.29
M     31.00   222.77   1.48   220.15   1.55
M     33.00   217.57   1.46   217.03   1.52
M     35.00   217.57   1.61   215.99   1.63
M     37.00   216.53   1.57   217.55   1.65
M     39.00   212.37   1.18   213.38   0.84
M     41.00   213.41   1.48   214.43   0.81
M     43.05   212.38   1.06   212.34   1.27
M     45.20   212.38   1.00   211.30   1.16
M     47.46   209.26   1.12   212.86   1.13
M     49.84   208.22   0.98   213.38   1.26
M     52.33   209.26   1.02   211.30   0.84
M     54.94   209.27   1.07   209.22   0.97
M     57.69   208.22   0.86   209.22   1.00
M     60.58   209.26   0.87   211.29   0.87
M     63.60   208.58   0.78   209.21   0.86
M     66.78   208.34   0.61   208.18   0.85
M     70.12   208.17   0.47   208.17   0.65
M     73.63   208.03   0.34   208.18   0.72
M     77.31   207.93   0.31   209.21   0.80
M     81.18   207.67   0.56   207.13   0.66
M     85.24   207.34   0.44   208.16   0.72
M     89.50   207.18   0.41   207.13   0.55
M     93.97   207.12   0.39   207.12   0.57
M     98.67   207.17   0.25   207.12   0.58
M    103.60   207.19   0.40   207.11   0.48
M    108.79   207.06   0.49   208.15   0.49
M    114.22   207.20   0.47   207.12   0.43
M    119.94   207.21   0.48   207.11   0.48
M    125.93   207.20   0.46   207.10   0.46
M    132.23   206.18   0.37   208.14   0.40
