###  1237667444048593084 0.396 27.91 207.27965
# method  r_pixel  i1_cts i1_cts_err i2_cts i2_cts_err
I      3.00  1050.07  32.99  1678.11  92.85
I      5.00   578.93   2.64   772.18  27.10
I      7.00   430.01   5.24   497.19   6.16
M      9.00   374.69   6.17   405.75  10.13
M     11.00   337.22   3.80   365.29   3.74
M     13.00   313.28   4.37   335.22   2.91
M     15.00   296.33   4.20   307.30   4.37
M     17.00   279.37   3.05   295.33   2.66
M     19.00   264.34   2.44   275.81   3.79
M     21.00   247.31   2.54   265.30   1.87
M     23.00   237.34   1.56   253.30   2.36
M     25.00   230.39   1.45   249.31   1.84
M     27.00   223.39   1.37   236.34   1.87
M     29.00   221.40   1.30   228.33   1.24
M     31.00   219.38   1.42   221.85   1.77
M     33.00   217.41   2.08   220.36   1.45
M     35.00   214.39   1.53   218.35   1.34
M     37.00   211.38   1.31   215.64   1.11
M     39.00   212.39   1.34   213.72   0.19
M     41.00   211.41   1.19   212.33   0.08
M     43.05   212.43   1.28   211.24   0.06
M     45.20   208.42   1.47   210.62   0.03
M     47.46   209.43   1.32   210.15   0.17
M     49.84   208.41   1.25   209.56   0.78
M     52.33   209.43   0.98   207.39   1.30
M     54.94   209.38   0.87   207.33   1.15
M     57.69   208.42   1.10   209.34   1.08
M     60.58   208.43   0.77   208.36   0.91
M     63.60   209.39   0.93   209.32   0.80
M     66.78   209.41   0.83   208.39   0.89
M     70.12   205.47   0.78   209.32   0.78
M     73.63   208.38   0.80   207.39   0.84
M     77.31   205.46   0.71   208.36   0.77
M     81.18   207.40   0.73   207.33   0.68
M     85.24   206.94   0.69   207.37   0.60
M     89.50   207.46   0.62   207.32   0.58
M     93.97   207.44   0.59   208.33   0.62
M     98.67   207.48   0.60   208.29   0.64
M    103.60   207.51   0.49   206.38   0.57
M    108.79   206.45   0.47   206.32   0.47
M    114.22   206.50   0.56   207.37   0.57
