###  1237667442974326814 0.396 27.935 220.4791
# method  r_pixel  i1_cts i1_cts_err i2_cts i2_cts_err
I      3.00  1841.58  57.97  1622.59  50.54
I      5.00  1077.99  13.52   930.19  22.73
I      7.00   741.24   4.68   661.78  13.79
I      9.00   559.63   3.22   520.95   4.28
I     11.00   458.06   1.75   449.75   8.95
M     13.00   409.40   5.87   396.72   6.51
M     15.00   369.16   4.42   365.23   5.98
M     17.00   342.05   3.71   336.21   3.64
M     19.00   315.95   2.52   328.49   2.60
M     21.00   308.66   2.46   313.03   3.04
M     23.00   299.47   3.10   309.17   2.71
M     25.00   289.78   2.20   304.29   1.90
M     27.00   284.97   2.03   301.37   2.25
M     29.00   278.66   2.33   297.00   1.90
M     31.00   279.14   1.64   290.73   2.03
M     33.00   273.31   1.56   285.92   1.80
M     35.00   268.49   1.36   283.47   1.66
M     37.00   268.97   1.16   277.17   1.46
M     39.00   263.17   1.64   273.78   1.45
M     41.00   261.71   1.21   265.07   1.41
M     43.05   257.85   1.10   263.61   1.39
M     45.20   252.06   1.46   256.83   1.86
M     47.46   248.67   1.06   254.90   1.41
M     49.84   245.28   1.43   247.14   1.15
M     52.33   241.41   1.11   243.27   1.26
M     54.94   238.50   1.10   239.41   1.05
M     57.69   236.07   1.14   235.53   0.87
M     60.58   231.71   0.89   233.58   0.82
M     63.60   230.11   0.72   232.13   0.96
M     66.78   228.82   0.58   229.70   0.87
M     70.12   227.82   0.55   231.63   0.76
M     73.63   227.00   0.63   228.73   0.94
M     77.31   226.19   0.60   226.80   0.75
M     81.18   225.58   0.61   225.33   0.75
M     85.24   225.10   0.63   225.82   0.68
M     89.50   224.04   0.60   223.89   0.69
M     93.97   223.02   0.61   222.91   0.70
M     98.67   223.02   0.62   222.90   0.58
M    103.60   222.06   0.56   222.90   0.55
M    108.79   221.10   0.49   221.93   0.53
M    114.22   222.05   0.50   222.89   0.47
M    119.94   222.07   0.45   221.92   0.51
M    125.93   220.61   0.46   221.92   0.52
M    132.23   221.08   0.43   221.91   0.43
M    138.84   221.11   0.42   221.92   0.44
M    145.78   220.15   0.39   221.09   0.37
M    153.07   220.16   0.35   220.95   0.25
M    160.73   220.13   0.38   220.83   0.17
M    168.76   220.14   0.32   220.70   0.27
M    177.20   220.12   0.30   220.64   0.30
M    186.06   220.17   0.31   219.98   0.33
M    195.36   220.16   0.29   220.90   0.28
M    205.13   220.20   0.24   220.92   0.28
M    215.39   220.54   0.25   220.89   0.27
M    226.16   221.10   0.25   220.51   0.24
M    237.46   220.19   0.24   220.45   0.18
