###  1237667444585922611 0.396 27.956 211.63148
# method  r_pixel  i1_cts i1_cts_err i2_cts i2_cts_err
I      3.00   470.53   3.17  1581.63  11.28
I      5.00   362.17   1.45   567.78   4.95
I      7.00   336.69   1.31   387.61   1.79
I      9.00   310.29   0.70   345.16   2.47
M     11.00   289.19   3.19   312.15   3.27
M     13.00   271.63   2.34   296.18   3.12
M     15.00   253.12   2.37   279.31   3.35
M     17.00   240.86   2.05   259.32   1.93
M     19.00   232.55   1.56   243.43   2.27
M     21.00   222.34   2.09   234.81   1.94
M     23.00   221.80   0.69   233.97   2.24
M     25.00   219.49   0.43   227.99   1.42
M     27.00   216.49   0.25   227.39   1.67
M     29.00   216.01   0.07   229.23   2.14
M     31.00   215.37   0.07   225.75   3.26
M     33.00   214.75   0.07   223.17   2.87
M     35.00   214.12   0.09   220.03   2.29
M     37.00   213.27   0.11   217.77   1.77
M     39.00   212.54   0.92   214.82   1.96
M     41.00   212.06   1.05   216.19   1.46
M     43.05   212.75   1.19   215.27   1.27
M     45.20   212.90   1.38   212.92   1.12
M     47.46   212.91   1.18   212.72   0.82
M     49.84   211.92   1.11   213.82   0.86
M     52.33   210.43   1.16   212.52   0.97
M     54.94   210.56   0.98   211.79   0.84
M     57.69   212.19   1.09   211.11   0.94
M     60.58   212.19   0.96   211.65   0.70
M     63.60   211.36   1.01   211.23   0.96
M     66.78   211.13   0.81   212.73   0.92
M     70.12   209.43   0.87   212.11   0.97
M     73.63   211.39   0.80   211.81   0.88
M     77.31   211.43   0.80   210.51   0.69
M     81.18   210.44   0.65   211.13   0.66
M     85.24   211.36   0.68   211.15   0.64
M     89.50   211.87   0.55   210.54   0.77
M     93.97   211.63   0.40   210.21   0.63
