###  1237665440442351734 0.396 27.839 174.9399
# method  r_pixel  i1_cts i1_cts_err i2_cts i2_cts_err
I      3.00   406.96   7.37   352.28   2.39
I      5.00   315.21   4.93   276.29   1.63
I      7.00   260.10   2.97   240.04   0.68
I      9.00   234.92   1.66   229.39   1.47
M     11.00   226.30   2.25   224.29   3.41
M     13.00   230.73   2.84   231.30   2.09
M     15.00   226.30   2.91   226.30   2.11
M     17.00   224.29   2.81   221.29   2.06
M     19.00   219.29   2.66   220.29   2.16
M     21.00   214.29   2.47   210.35   1.31
M     23.00   211.28   2.44   202.34   2.68
M     25.00   197.77   1.54   200.34   1.73
M     27.00   193.28   1.97   193.83   1.26
M     29.00   191.28   1.87   189.34   1.90
M     31.00   186.28   1.89   182.35   2.29
M     33.00   181.28   2.22   185.36   1.64
M     35.00   179.29   1.75   181.85   1.53
M     37.00   179.29   1.49   178.86   1.63
M     39.00   178.28   1.41   181.36   1.71
M     41.00   180.77   1.49   177.36   1.63
M     43.05   176.78   1.30   177.36   1.30
M     45.20   177.28   1.13   177.36   0.88
M     47.46   175.27   1.17   178.36   1.16
M     49.84   176.27   1.14   175.37   1.04
M     52.33   175.27   0.96   176.37   1.23
M     54.94   180.26   1.50   176.38   0.98
M     57.69   177.27   1.09   174.39   1.33
M     60.58   174.26   1.11   173.38   1.12
M     63.60   176.76   0.88   174.39   0.82
M     66.78   174.26   0.90   175.39   0.83
M     70.12   175.75   0.94   175.39   0.85
M     73.63   174.26   0.87   175.39   0.77
M     77.31   175.24   0.76   176.40   0.77
M     81.18   175.25   0.77   174.42   0.73
M     85.24   174.24   0.70   174.42   0.65
M     89.50   174.25   0.67   175.40   0.67
M     93.97   175.23   0.68   175.43   0.67
M     98.67   174.23   0.61   175.41   0.64
M    103.60   175.22   0.54   174.43   0.55
M    108.79   174.21   0.58   174.97   0.53
M    114.22   175.21   0.56   174.96   0.38
M    119.94   175.20   0.46   175.01   0.33
M    125.93   175.20   0.47   175.08   0.35
M    132.23   175.19   0.45   175.07   0.39
