###  1237665440979353636 0.396 27.973 170.71584
# method  r_pixel  i1_cts i1_cts_err i2_cts i2_cts_err
I      3.00   773.00  11.81   967.20  20.68
I      5.00   474.30   8.77   571.07   6.94
I      7.00   379.45   7.14   422.32   1.06
I      9.00   318.34   3.48   333.22   2.13
M     11.00   273.66   5.49   296.30   4.19
M     13.00   264.45   4.14   268.45   4.28
M     15.00   241.23   3.28   249.88   1.74
M     17.00   231.38   2.40   241.80   3.45
M     19.00   222.70   1.93   225.04   1.50
M     21.00   212.85   2.49   220.43   2.77
M     23.00   201.86   2.79   208.81   1.81
M     25.00   200.69   1.52   199.56   1.49
M     27.00   193.75   1.35   199.56   2.28
M     29.00   192.58   1.68   197.22   1.48
M     31.00   186.79   2.06   194.92   2.03
M     33.00   185.63   1.65   190.99   0.95
M     35.00   182.16   1.33   187.85   1.12
M     37.00   179.83   1.60   186.09   2.48
M     39.00   178.69   1.14   184.50   1.77
M     41.00   175.21   1.59   178.12   1.53
M     43.05   174.03   1.25   178.70   1.29
M     45.20   175.21   1.25   175.81   1.05
M     47.46   175.19   1.25   175.24   1.36
M     49.84   174.06   1.07   172.92   1.33
M     52.33   172.89   1.05   171.76   1.19
M     54.94   172.88   1.03   174.09   0.93
M     57.69   172.87   1.06   171.76   0.88
M     60.58   170.56   0.77   170.61   0.88
M     63.60   170.58   0.73   171.75   1.11
M     66.78   170.55   0.91   170.60   1.05
M     70.12   172.87   0.75   170.59   0.66
M     73.63   171.71   0.70   169.46   0.90
M     77.31   171.71   0.85   169.47   0.61
M     81.18   170.55   0.57   170.60   0.70
M     85.24   171.70   0.66   170.63   0.67
M     89.50   169.40   0.63   170.63   0.57
M     93.97   170.53   0.60   170.97   0.65
M     98.67   171.69   0.57   171.79   0.62
