###  1237665440979484734 0.396 27.973 172.80128
# method  r_pixel  i1_cts i1_cts_err i2_cts i2_cts_err
I      3.00   656.62  19.69  1233.36  47.71
I      5.00   431.54   5.92   691.90  20.47
I      7.00   347.62   3.24   454.48   3.98
I      9.00   304.41   4.22   373.66   3.63
M     11.00   275.01   5.66   317.59   4.37
M     13.00   251.98   5.21   285.42   3.29
M     15.00   239.30   5.79   263.00   3.67
M     17.00   227.82   1.76   247.37   2.35
M     19.00   217.40   2.33   227.82   2.82
M     21.00   215.14   2.68   222.61   2.75
M     23.00   207.06   1.80   215.14   2.62
M     25.00   201.32   2.11   210.53   1.53
M     27.00   195.58   2.09   197.85   1.78
M     29.00   189.81   1.74   193.26   1.51
M     31.00   184.05   1.51   193.24   1.92
M     33.00   181.75   1.56   189.79   1.82
M     35.00   184.06   1.61   184.62   1.57
M     37.00   182.90   1.41   185.20   1.83
M     39.00   177.15   1.31   182.88   1.95
M     41.00   180.61   1.87   180.58   1.72
M     43.05   179.44   1.32   178.86   1.53
M     45.20   173.69   1.24   179.44   1.23
M     47.46   176.00   1.28   177.11   0.98
M     49.84   173.71   1.11   175.97   1.41
M     52.33   172.56   1.23   175.99   1.54
M     54.94   174.83   0.86   177.14   1.08
M     57.69   174.84   0.97   175.96   0.97
M     60.58   174.86   0.98   173.65   0.93
M     63.60   174.28   0.97   174.82   0.88
M     66.78   173.72   0.84   173.65   0.77
M     70.12   172.57   0.91   172.52   0.86
M     73.63   173.69   0.77   173.64   0.76
M     77.31   173.73   0.84   172.52   0.77
M     81.18   172.58   0.68   173.65   0.64
M     85.24   172.54   0.77   172.49   0.66
M     89.50   173.68   1.00   173.65   0.76
