###  1237667324334309429 0.396 27.978 158.86014
# method  r_pixel  i1_cts i1_cts_err i2_cts i2_cts_err
I      3.00   349.62   2.96   506.18   4.07
I      5.00   279.38   1.58   368.52   1.81
I      7.00   240.27   1.25   284.21   3.90
I      9.00   220.21   1.82   245.82   3.29
M     11.00   214.29   2.54   230.89   2.72
M     13.00   209.59   2.28   221.49   3.25
M     15.00   199.73   1.75   209.06   1.68
M     17.00   193.48   1.59   204.89   1.91
M     19.00   184.12   1.46   195.51   2.18
M     21.00   176.84   1.50   188.74   1.60
M     23.00   171.66   1.73   180.42   1.67
M     25.00   168.54   0.90   179.91   1.89
M     27.00   168.54   1.76   171.05   1.79
M     29.00   165.42   1.58   168.98   1.50
M     31.00   165.42   1.59   166.38   1.02
M     33.00   162.32   1.43   164.81   1.46
M     35.00   164.40   1.18   165.32   1.18
M     37.00   163.37   1.18   164.28   1.17
M     39.00   162.33   0.84   163.25   1.15
M     41.00   162.31   0.89   161.92   0.91
M     43.05   159.21   1.15   161.15   0.95
M     45.20   161.29   0.92   161.03   0.92
M     47.46   160.26   1.28   161.17   0.93
M     49.84   160.26   0.91   160.84   0.90
M     52.33   159.23   1.00   159.05   0.95
M     54.94   159.22   1.15   159.05   0.76
M     57.69   159.21   0.92   159.06   0.78
M     60.58   160.28   0.86   158.01   0.88
M     63.60   159.23   0.84   158.02   0.70
M     66.78   159.25   0.80   158.01   0.75
M     70.12   159.27   0.71   159.02   0.76
M     73.63   159.23   0.67   158.00   0.72
M     77.31   158.23   0.68   159.01   0.63
M     81.18   159.27   0.56   159.01   0.71
M     85.24   159.27   0.62   159.00   0.62
M     89.50   160.31   0.60   158.98   0.55
M     93.97   158.25   0.52   159.02   0.56
M     98.67   158.27   0.62   158.99   0.54
M    103.60   159.31   0.51   158.96   0.51
M    108.79   158.29   0.49   158.95   0.46
M    114.22   159.29   0.47   158.96   0.47
M    119.94   158.31   0.41   158.94   0.45
M    125.93   158.30   0.39   158.95   0.45
M    132.23   158.86   0.34   158.86   0.40
M    138.84   158.86   0.27   158.86   0.32
