###  1237667324334571840 0.396 27.978 163.00221
# method  r_pixel  i1_cts i1_cts_err i2_cts i2_cts_err
I      3.00   285.03   0.94   374.45   2.53
I      5.00   236.59   1.51   297.34   3.39
I      7.00   222.17   1.10   268.11   2.30
M      9.00   209.50   3.91   235.47   2.89
M     11.00   203.25   1.38   217.80   1.51
M     13.00   197.03   1.91   204.31   2.02
M     15.00   185.62   2.19   194.99   3.87
M     17.00   180.94   1.63   187.71   1.63
M     19.00   172.13   1.42   184.60   1.85
M     21.00   170.05   2.22   176.29   1.33
M     23.00   170.05   1.20   172.13   1.20
M     25.00   171.08   1.51   172.13   1.13
M     27.00   165.89   1.21   169.54   1.85
M     29.00   166.93   1.58   168.51   1.72
M     31.00   164.33   1.79   169.03   1.57
M     33.00   166.92   1.45   164.36   1.56
M     35.00   164.84   1.50   165.92   1.29
M     37.00   164.84   1.15   162.80   1.15
M     39.00   162.77   0.94   165.92   1.48
M     41.00   163.81   1.29   160.73   1.21
M     43.05   164.32   1.04   164.88   1.05
M     45.20   162.76   1.38   163.84   0.98
M     47.46   163.80   1.09   163.84   0.93
M     49.84   163.80   1.17   164.88   0.99
M     52.33   162.76   0.85   163.85   0.92
M     54.94   162.24   0.90   163.85   0.90
M     57.69   163.80   0.99   164.37   0.77
M     60.58   164.32   1.00   163.85   0.86
M     63.60   161.71   0.84   161.78   0.85
M     66.78   161.71   0.79   163.86   0.73
M     70.12   161.71   0.59   163.85   0.82
M     73.63   163.79   0.66   163.86   0.72
M     77.31   163.79   0.69   163.86   0.74
M     81.18   162.74   0.61   165.93   0.60
M     85.24   162.74   0.58   163.86   0.58
M     89.50   162.74   0.59   164.89   0.50
M     93.97   161.70   0.52   164.90   0.52
M     98.67   162.73   0.54   163.87   0.54
M    103.60   161.69   0.44   162.97   0.39
M    108.79   161.69   0.42   162.87   0.30
M    114.22   162.21   0.46   162.87   0.18
M    119.94   162.20   0.41   162.95   0.00
