###  1237667444048265289 0.396 27.91 205.26329
# method  r_pixel  i1_cts i1_cts_err i2_cts i2_cts_err
I      3.00   709.43  16.39  1339.90  61.84
I      5.00   452.59  15.32   717.20   8.39
I      7.00   349.22   4.69   488.17   5.46
M      9.00   301.67   9.11   383.95   8.71
M     11.00   288.20   5.05   317.13   5.42
M     13.00   265.19   2.26   285.71   2.69
M     15.00   261.20   2.98   269.18   2.35
M     17.00   251.23   1.77   259.21   2.07
M     19.00   242.25   2.27   247.24   1.69
M     21.00   234.24   1.78   238.23   1.78
M     23.00   229.25   1.63   233.24   1.84
M     25.00   222.25   1.76   228.25   1.51
M     27.00   218.74   1.72   225.26   1.78
M     29.00   220.74   1.44   221.27   1.63
M     31.00   215.75   1.14   215.27   1.55
M     33.00   212.25   1.18   216.27   1.40
M     35.00   211.25   1.26   215.77   1.36
M     37.00   211.25   1.02   211.28   1.51
M     39.00   210.25   1.12   210.28   1.71
M     41.00   209.75   1.55   209.78   1.06
M     43.05   206.25   0.99   208.28   0.94
M     45.20   208.25   1.05   208.79   1.60
M     47.46   205.25   1.11   208.29   1.11
M     49.84   208.25   1.22   206.29   1.07
M     52.33   206.25   1.03   207.29   0.98
M     54.94   207.25   1.06   205.30   0.92
M     57.69   207.25   0.99   205.29   1.02
M     60.58   204.25   0.70   205.30   0.85
M     63.60   204.25   0.87   206.30   0.92
M     66.78   206.24   0.75   205.30   0.77
M     70.12   205.74   0.79   205.30   0.79
M     73.63   206.23   0.81   206.80   0.80
M     77.31   205.35   0.41   205.30   0.63
M     81.18   205.44   0.34   206.31   0.68
M     85.24   205.35   0.33   206.30   0.74
M     89.50   205.25   0.17   205.31   0.66
M     93.97   205.34   0.21   205.31   0.60
M     98.67   205.41   0.20   205.31   0.56
M    103.60   205.27   0.45   205.31   0.49
M    108.79   205.23   0.64   204.32   0.53
