###  1237665440442089601 0.396 27.839 178.74138
# method  r_pixel  i1_cts i1_cts_err i2_cts i2_cts_err
I      3.00   397.15  10.50   510.29  11.01
I      5.00   315.84   2.11   347.44   6.26
I      7.00   264.04   3.22   283.23   1.45
I      9.00   247.81   2.95   261.45   4.14
M     11.00   231.04   4.17   240.04   3.02
M     13.00   217.02   2.51   229.03   2.92
M     15.00   212.52   2.35   214.09   2.91
M     17.00   212.02   3.20   208.08   2.37
M     19.00   207.08   2.05   208.08   1.59
M     21.00   203.08   1.64   205.08   1.18
M     23.00   198.07   1.79   195.57   1.67
M     25.00   192.07   2.05   197.07   1.72
M     27.00   193.05   1.40   195.07   1.90
M     29.00   190.07   1.63   194.58   1.72
M     31.00   193.05   1.97   190.08   1.42
M     33.00   190.07   1.59   190.08   1.36
M     35.00   186.06   1.03   189.58   1.51
M     37.00   186.06   1.43   186.40   0.70
M     39.00   186.07   1.47   185.06   0.11
M     41.00   184.06   1.15   184.54   0.04
M     43.05   184.56   1.18   184.09   0.04
M     45.20   185.07   1.25   183.55   0.04
M     47.46   182.06   0.98   183.03   0.04
M     49.84   182.06   1.03   182.52   0.04
M     52.33   179.07   0.97   181.96   0.05
M     54.94   181.06   1.23   181.28   0.08
M     57.69   179.55   0.95   180.66   0.26
M     60.58   181.06   1.10   180.39   0.97
M     63.60   179.06   0.93   181.08   0.82
M     66.78   179.05   0.76   180.59   0.70
M     70.12   180.05   1.01   178.10   0.91
M     73.63   180.05   0.80   181.08   0.75
M     77.31   181.05   0.66   179.11   0.76
M     81.18   179.05   0.68   178.09   0.68
M     85.24   179.06   0.69   178.09   0.73
M     89.50   180.06   0.70   178.11   0.62
M     93.97   180.05   0.59   179.08   0.58
M     98.67   178.06   0.56   178.10   0.64
M    103.60   179.06   0.57   179.10   0.64
M    108.79   179.05   0.54   179.10   0.54
M    114.22   180.07   0.55   179.12   0.55
M    119.94   178.06   0.52   178.12   0.49
M    125.93   178.08   0.50   179.11   0.50
M    132.23   179.05   0.42   178.13   0.45
M    138.84   179.03   0.42   179.09   0.42
M    145.78   179.07   0.41   178.09   0.41
M    153.07   179.05   0.39   178.13   0.38
M    160.73   178.04   0.39   178.61   0.29
M    168.76   178.63   0.30   178.63   0.14
M    177.20   178.76   0.24   178.76   0.22
M    186.06   178.81   0.30   178.80   0.30
M    195.36   178.05   0.30   179.11   0.30
M    205.13   179.02   0.31   178.16   0.29
M    215.39   178.82   0.24   178.85   0.27
M    226.16   178.85   0.23   178.86   0.23
