###  1237667324334637091 0.396 27.978 162.88506
# method  r_pixel  i1_cts i1_cts_err i2_cts i2_cts_err
I      3.00   502.30   8.98   532.86   9.18
I      5.00   377.88   3.42   414.42   5.13
I      7.00   325.13   6.90   333.10   2.88
I      9.00   283.29   3.72   293.11   4.08
M     11.00   259.19   4.12   265.56   4.55
M     13.00   242.59   2.82   245.24   3.08
M     15.00   223.41   2.02   232.24   3.65
M     17.00   217.12   2.85   217.65   1.39
M     19.00   204.68   1.74   206.73   2.70
M     21.00   199.49   2.50   199.47   1.39
M     23.00   193.24   1.18   193.24   1.99
M     25.00   190.13   1.63   188.04   1.80
M     27.00   184.94   1.73   184.94   1.44
M     29.00   182.85   0.96   178.68   1.58
M     31.00   176.62   1.14   175.57   1.31
M     33.00   176.62   1.50   174.53   1.14
M     35.00   175.57   1.55   171.41   1.40
M     37.00   170.37   1.18   170.89   1.74
M     39.00   171.41   1.05   170.36   1.39
M     41.00   169.33   1.48   171.41   1.34
M     43.05   168.30   1.33   171.41   1.18
M     45.20   167.25   0.94   167.25   1.29
M     47.46   166.22   1.06   166.21   1.24
M     49.84   166.74   0.99   166.21   0.99
M     52.33   166.22   1.04   166.21   1.05
M     54.94   164.14   0.98   166.21   1.01
M     57.69   164.14   0.90   165.17   0.94
M     60.58   164.14   0.88   164.13   0.90
M     63.60   163.10   0.92   164.13   0.80
M     66.78   163.10   0.64   165.17   0.69
M     70.12   162.06   0.71   163.09   0.78
M     73.63   163.10   0.63   163.09   0.69
M     77.31   163.10   0.65   163.09   0.70
M     81.18   163.10   0.73   162.05   0.57
M     85.24   162.06   0.64   163.09   0.54
M     89.50   163.10   0.56   164.13   0.67
M     93.97   162.58   0.53   165.17   0.52
M     98.67   163.11   0.55   162.06   0.51
M    103.60   162.06   0.56   163.09   0.48
M    108.79   162.07   0.46   163.09   0.46
M    114.22   163.11   0.55   164.14   0.44
