###  1237667443511591123 0.396 27.973 216.0331
# method  r_pixel  i1_cts i1_cts_err i2_cts i2_cts_err
I      3.00   780.87  20.53   664.36  12.56
I      5.00   532.85   8.15   473.62   9.72
I      7.00   425.82   4.28   408.19   2.23
I      9.00   374.98   6.75   364.71   5.48
M     11.00   342.86   2.16   331.02   5.43
M     13.00   327.09   4.99   313.21   3.78
M     15.00   309.29   3.35   300.38   2.54
M     17.00   297.37   2.84   294.50   2.71
M     19.00   280.62   2.63   282.65   2.57
M     21.00   270.81   1.81   268.84   1.98
M     23.00   258.96   1.77   253.04   1.42
M     25.00   247.08   2.23   240.70   1.65
M     27.00   240.17   1.84   238.21   2.27
M     29.00   232.27   1.52   234.27   2.01
M     31.00   231.27   1.67   230.33   1.87
M     33.00   231.27   1.89   230.33   1.24
M     35.00   227.33   1.45   226.87   1.34
M     37.00   226.84   1.71   228.36   1.57
M     39.00   223.37   1.55   230.33   2.08
M     41.00   222.39   1.23   225.88   1.34
M     43.05   225.85   1.59   223.91   1.25
M     45.20   223.36   1.18   225.40   1.15
M     47.46   220.41   1.09   220.46   1.07
M     49.84   220.42   1.33   218.49   1.15
M     52.33   219.43   1.12   218.47   1.14
M     54.94   217.44   0.92   216.51   1.07
M     57.69   219.42   0.82   216.52   1.29
M     60.58   217.44   0.90   217.50   1.10
M     63.60   218.42   0.94   217.50   0.91
M     66.78   217.44   0.88   217.50   0.77
M     70.12   216.46   0.94   216.51   0.83
M     73.63   216.45   0.80   215.54   0.80
M     77.31   215.47   0.71   216.51   0.80
M     81.18   216.44   0.73   215.53   0.73
M     85.24   217.43   0.69   217.02   0.69
M     89.50   215.46   0.61   216.54   0.57
M     93.97   217.43   0.67   216.73   0.54
M     98.67   215.46   0.63   216.54   0.60
M    103.60   216.43   0.53   216.54   0.57
