###  1237667323797307493 0.396 27.932 167.9778
# method  r_pixel  i1_cts i1_cts_err i2_cts i2_cts_err
I      3.00  1186.02  30.43  1528.07  56.00
I      5.00   749.59  14.11   874.40  30.61
I      7.00   547.68   8.41   632.84  15.44
I      9.00   430.99   6.90   476.96   8.33
M     11.00   365.36   4.56   390.79   7.21
M     13.00   316.97   5.04   337.89   4.56
M     15.00   289.94   2.28   306.94   2.43
M     17.00   277.88   2.90   281.95   2.43
M     19.00   263.93   1.33   267.85   2.52
M     21.00   248.82   1.85   252.88   1.96
M     23.00   240.42   1.29   241.91   1.42
M     25.00   236.90   2.29   232.90   1.58
M     27.00   226.87   2.34   223.97   1.45
M     29.00   227.89   2.05   222.95   1.75
M     31.00   218.88   1.97   216.92   2.11
M     33.00   214.88   2.21   211.91   1.59
M     35.00   207.91   1.65   208.45   1.32
M     37.00   204.93   1.21   202.97   1.39
M     39.00   202.93   1.32   201.95   1.03
M     41.00   198.93   1.40   202.97   1.21
M     43.05   198.05   1.08   200.97   1.28
M     45.20   197.33   0.70   197.96   1.32
M     47.46   196.70   0.92   199.95   1.00
M     49.84   195.68   0.77   197.96   0.92
M     52.33   194.08   0.78   194.96   0.84
M     54.94   191.79   0.57   189.96   1.15
M     57.69   189.34   0.84   184.95   0.83
M     60.58   186.15   0.99   184.95   1.05
M     63.60   183.92   0.73   180.97   0.80
M     66.78   181.92   0.83   176.98   0.77
M     70.12   179.85   0.78   176.99   0.73
M     73.63   175.90   0.75   176.00   0.74
M     77.31   173.92   0.67   175.98   0.72
M     81.18   173.92   0.63   174.00   0.63
M     85.24   173.90   0.51   174.00   0.56
M     89.50   173.72   0.53   171.98   0.57
M     93.97   172.98   0.46   171.01   0.59
M     98.67   172.56   0.47   170.99   0.48
M    103.60   170.89   0.50   171.99   0.49
M    108.79   169.92   0.47   171.01   0.47
M    114.22   170.89   0.41   169.98   0.45
M    119.94   169.91   0.43   169.02   0.43
M    125.93   170.87   0.38   168.98   0.44
M    132.23   169.06   0.30   168.99   0.39
M    138.84   168.91   0.26   168.02   0.37
M    145.78   168.83   0.27   168.03   0.35
M    153.07   168.86   0.33   168.01   0.31
M    160.73   167.88   0.30   167.01   0.32
M    168.76   167.87   0.31   167.04   0.28
M    177.20   167.85   0.27   167.05   0.29
M    186.06   167.85   0.28   168.01   0.28
M    195.36   167.86   0.26   168.02   0.26
M    205.13   168.28   0.25   168.02   0.25
M    215.39   168.16   0.22   168.05   0.22
M    226.16   168.01   0.19   168.02   0.21
M    237.46   167.91   0.22   167.83   0.18
M    249.34   166.90   0.21   167.78   0.16
M    261.80   167.79   0.20   167.79   0.18
M    274.89   167.80   0.19   168.03   0.19
