###  1237667324334702622 0.1861 30.0 99.385666
# method  r_pixel  i1_cts i1_cts_err i2_cts i2_cts_err
I      3.00  4301.88 147.62  5479.20 227.04
I      5.00  2841.03 120.77  3922.88 191.49
I      7.00  1920.34  83.00  2731.60 126.09
I      9.00  1360.09  58.57  1958.41  61.13
M     11.00  1026.06  37.45  1467.82  40.71
M     13.00   837.18  18.29  1167.43  26.26
M     15.00   700.14  29.30   990.17  17.41
M     17.00   596.82  19.68   831.74  12.91
M     19.00   511.13  17.37   708.58  15.75
M     21.00   444.22  13.36   592.25  11.07
M     23.00   393.35  10.16   498.65   7.12
M     25.00   354.14   6.62   420.49   4.08
M     27.00   313.23   5.40   359.15   4.38
M     29.00   286.91   3.04   311.96   3.12
M     31.00   260.41   2.89   283.32   2.55
M     33.00   243.25   2.13   254.51   2.48
M     35.00   228.03   1.61   234.28   2.11
M     37.00   212.92   1.69   221.81   2.20
M     39.00   204.85   1.72   209.62   1.96
M     41.00   197.59   1.32   199.35   1.43
M     43.05   192.35   1.30   195.87   1.97
M     45.20   183.90   1.39   188.04   1.34
M     47.46   182.26   1.03   184.15   1.51
M     49.84   179.22   1.05   179.10   1.19
M     52.33   174.29   0.89   174.55   1.04
M     54.94   169.66   0.92   172.87   1.13
M     57.69   167.53   1.06   169.75   1.01
M     60.58   160.51   0.91   165.79   1.08
M     63.60   155.35   0.89   160.53   1.07
M     66.78   151.40   0.73   154.70   0.92
M     70.12   148.16   0.92   150.35   1.01
M     73.63   142.79   1.09   143.08   0.84
M     77.31   137.62   1.04   137.35   0.73
M     81.18   132.48   0.86   134.11   0.73
M     85.24   126.80   0.99   130.57   1.14
M     89.50   122.52   0.62   128.10   1.78
M     93.97   116.00   0.42   124.93   1.00
M     98.67   111.69   0.53   121.45   0.69
M    103.60   109.57   0.50   114.95   0.62
M    108.79   107.42   0.50   108.78   0.56
M    114.22   105.63   0.41   107.50   0.53
M    119.94   103.99   0.44   105.50   0.46
M    125.93   102.61   0.39   104.83   0.39
M    132.23   102.17   0.42   104.28   0.35
M    138.84   102.50   0.40   103.59   0.35
M    145.78   102.73   0.37   103.07   0.41
M    153.07   102.30   0.30   101.94   0.38
M    160.73   101.32   0.30   102.23   0.38
M    168.76   100.63   0.32   101.24   0.31
M    177.20   100.81   0.27   100.88   0.29
M    186.06   100.50   0.24   101.40   0.29
M    195.36   100.48   0.24   100.22   0.29
M    205.13   100.27   0.24    99.96   0.25
M    215.39    99.47   0.26    99.51   0.25
M    226.16    99.94   0.24    99.75   0.23
M    237.46    99.78   0.23    99.66   0.20
M    249.34    99.70   0.23    99.62   0.12
M    261.80    99.16   0.22    99.59   0.17
