###  1237667324334964917 0.1859 30.0 99.835091
# method  r_pixel  i1_cts i1_cts_err i2_cts i2_cts_err
I      3.00   651.06   1.84   814.08   3.96
I      5.00   547.35   3.28   599.26   5.74
I      7.00   482.39   3.28   518.12   5.47
I      9.00   444.60   1.56   453.72   3.37
M     11.00   407.82   4.31   426.32   7.45
M     13.00   382.20   3.68   403.08   4.89
M     15.00   372.13   3.07   393.58   3.42
M     17.00   356.66   4.95   378.52   3.22
M     19.00   327.47   2.35   362.32   3.18
M     21.00   316.39   2.21   337.67   2.53
M     23.00   305.53   1.69   314.47   2.63
M     25.00   285.33   2.32   299.03   2.28
M     27.00   270.93   1.53   281.69   2.80
M     29.00   258.37   1.66   275.28   1.43
M     31.00   247.98   1.87   266.51   1.77
M     33.00   242.80   1.76   257.39   1.50
M     35.00   234.02   1.84   250.27   2.53
M     37.00   227.49   2.01   228.23   1.55
M     39.00   211.66   1.98   218.47   1.69
M     41.00   201.73   1.90   203.45   2.11
M     43.05   186.22   1.86   188.50   1.29
M     45.20   173.89   1.36   180.89   1.28
M     47.46   161.03   1.24   168.25   1.27
M     49.84   149.42   1.27   159.41   1.37
M     52.33   138.14   0.96   149.18   1.32
M     54.94   130.07   1.06   140.86   0.96
M     57.69   125.09   0.83   132.39   1.01
M     60.58   120.76   0.87   126.31   0.94
M     63.60   115.69   0.85   121.91   0.91
M     66.78   113.63   0.79   116.09   0.81
M     70.12   112.57   0.61   114.50   0.61
M     73.63   110.09   0.71   110.87   0.59
M     77.31   108.29   0.56   107.89   0.63
M     81.18   106.57   0.60   106.81   0.51
M     85.24   105.34   0.52   105.67   0.55
M     89.50   104.01   0.26   104.16   0.44
M     93.97   103.11   0.24   103.33   0.35
M     98.67   102.43   0.19   102.45   0.38
M    103.60   101.19   0.23   101.95   0.38
M    108.79   101.15   0.29   101.16   0.22
M    114.22   101.52   0.40   101.11   0.08
M    119.94   101.49   0.38   100.93   0.02
M    125.93   100.56   0.39   100.48   0.02
M    132.23   100.62   0.37   100.19   0.01
M    138.84   100.46   0.30   100.08   0.00
M    145.78   100.21   0.31   100.11   0.01
M    153.07   100.26   0.32   100.29   0.01
M    160.73   100.40   0.28   100.24   0.01
M    168.76   100.13   0.26   100.03   0.01
M    177.20   100.02   0.26    99.98   0.04
M    186.06   100.06   0.24   100.02   0.18
M    195.36   100.27   0.23    99.52   0.24
M    205.13   100.33   0.23    99.86   0.21
M    215.39   100.00   0.23    99.85   0.22
M    226.16   100.27   0.21    99.82   0.18
M    237.46    99.74   0.16    99.74   0.19
M    249.34    99.64   0.15    99.76   0.19
M    261.80    99.62   0.16    99.50   0.17
