###  1237667444048658523 0.186 30.0 98.477234
# method  r_pixel  i1_cts i1_cts_err i2_cts i2_cts_err
I      3.00  3499.56   9.65  7916.37  50.49
I      5.00  2204.58   6.16  4754.04  28.77
I      7.00  1486.30   8.23  2858.50  21.41
I      9.00  1152.72   7.87  1852.44   9.37
M     11.00   988.54  17.22  1370.24  43.95
M     13.00   841.46  14.34  1080.67  20.05
M     15.00   734.49   9.33   915.94  15.97
M     17.00   652.50   6.74   782.72   8.42
M     19.00   581.25   5.31   678.98   6.89
M     21.00   534.31   4.14   609.33   5.48
M     23.00   487.14   4.38   548.36   4.69
M     25.00   440.29   4.05   500.01   3.69
M     27.00   408.56   3.37   459.73   3.32
M     29.00   375.04   2.94   424.41   3.29
M     31.00   349.28   2.47   397.74   2.42
M     33.00   326.69   2.62   369.66   1.79
M     35.00   310.87   1.44   343.94   2.02
M     37.00   290.70   1.58   323.32   1.63
M     39.00   274.70   1.98   304.45   1.87
M     41.00   259.19   1.61   286.79   1.57
M     43.05   247.34   1.38   265.03   2.41
M     45.20   233.81   1.23   254.20   1.36
M     47.46   221.35   1.21   238.05   1.94
M     49.84   211.11   1.30   223.81   1.42
M     52.33   198.58   1.06   207.77   1.49
M     54.94   189.83   1.10   194.09   1.10
M     57.69   178.46   1.09   184.22   1.18
M     60.58   168.71   0.87   171.02   1.06
M     63.60   159.20   0.82   163.91   0.93
M     66.78   150.66   0.96   154.83   0.97
M     70.12   146.03   0.88   147.36   0.76
M     73.63   137.58   0.84   140.88   0.82
M     77.31   133.78   0.74   134.48   0.69
M     81.18   128.48   0.58   127.56   0.77
M     85.24   122.83   0.68   122.80   0.65
M     89.50   119.36   0.17   119.24   0.57
M     93.97   116.17   0.11   115.55   0.48
M     98.67   113.28   0.09   113.03   0.33
M    103.60   110.35   0.08   110.34   0.28
M    108.79   107.87   0.06   107.93   0.27
M    114.22   106.23   0.05   105.86   0.45
M    119.94   104.54   0.12   104.39   0.35
M    125.93   103.24   0.30   101.77   0.47
M    132.23   101.91   0.34    99.57   0.43
M    138.84   101.03   0.36    98.73   0.43
M    145.78   100.90   0.35    97.89   0.41
M    153.07   100.27   0.33    97.15   0.35
M    160.73    99.40   0.28    96.59   0.31
M    168.76    99.93   0.32    96.49   0.32
M    177.20    99.72   0.31    97.14   0.30
M    186.06    98.85   0.31    98.41   0.25
M    195.36    99.68   0.29    97.40   0.26
M    205.13    98.52   0.27    95.46   0.28
M    215.39    98.13   0.26    96.53   0.25
M    226.16    97.84   0.25    96.73   0.24
M    237.46    98.67   0.24    97.13   0.24
M    249.34    97.82   0.22    97.81   0.22
M    261.80    97.88   0.24    98.42   0.20
