###  1237667444048789588 0.1859 30.0 99.53289
# method  r_pixel  i1_cts i1_cts_err i2_cts i2_cts_err
I      3.00  2585.20  14.44  8435.04 332.07
I      5.00  1814.00   8.83  6368.86 314.24
I      7.00  1368.74   4.55  3721.61 141.96
M      9.00  1124.57  25.66  2349.42 165.55
M     11.00  1019.45  11.25  1794.99  69.53
M     13.00   918.80  12.39  1433.80  40.40
M     15.00   836.77  11.64  1156.01  31.30
M     17.00   756.97   9.83   983.70  25.68
M     19.00   670.46  11.86   828.08  25.53
M     21.00   610.77  13.84   689.58  18.07
M     23.00   555.23  12.35   595.91  10.62
M     25.00   528.91   8.02   534.80   9.07
M     27.00   513.48  10.84   521.20   8.56
M     29.00   511.10   9.39   497.55   8.36
M     31.00   511.37  10.36   462.12   8.38
M     33.00   526.64   9.68   440.67  10.63
M     35.00   545.23   7.43   448.70  11.99
M     37.00   527.80   7.15   433.96  11.23
M     39.00   499.94   6.88   423.77  12.85
M     41.00   472.13   4.16   429.19   7.21
M     43.05   462.31   4.85   441.59   6.05
M     45.20   447.30   5.24   448.82   8.30
M     47.46   435.03   6.01   444.53   9.26
M     49.84   404.97   4.48   411.89   6.05
M     52.33   386.53   3.94   395.81   2.28
M     54.94   367.53   2.41   376.97   1.80
M     57.69   356.06   2.49   354.95   2.29
M     60.58   364.75   2.92   336.57   3.05
M     63.60   387.97   4.83   314.72   2.19
M     66.78   416.48   3.49   313.68   1.76
M     70.12   394.83   3.38   309.49   1.98
M     73.63   315.95   3.89   294.48   2.03
M     77.31   250.95   1.96   275.07   1.84
M     81.18   216.57   1.47   264.19   1.83
M     85.24   192.70   1.07   251.09   1.66
M     89.50   179.10   1.05   231.04   1.69
M     93.97   169.13   0.85   206.85   1.28
M     98.67   161.87   0.92   194.21   1.18
M    103.60   157.13   0.70   182.59   0.83
M    108.79   150.27   0.77   174.75   0.88
M    114.22   146.23   0.59   164.16   0.94
M    119.94   141.61   0.61   152.63   0.85
M    125.93   134.95   0.48   144.55   0.69
M    132.23   130.14   0.42   135.72   0.59
M    138.84   125.30   0.44   130.52   0.47
M    145.78   122.00   0.39   124.59   0.45
M    153.07   120.39   0.39   120.62   0.42
M    160.73   116.44   0.41   117.23   0.44
M    168.76   112.55   0.33   114.37   0.42
M    177.20   109.79   0.35   112.87   0.39
M    186.06   106.22   0.30   111.49   0.36
M    195.36   104.66   0.30   108.44   0.32
M    205.13   104.34   0.28   107.45   0.32
M    215.39   104.57   0.25   105.69   0.31
M    226.16   105.26   0.24   105.31   0.29
M    237.46   105.52   0.23   105.90   0.26
M    249.34   104.38   0.22   104.86   0.18
M    261.80   103.72   0.21   103.89   0.13
