###  1237667444048658529 0.1861 30.0 98.926331
# method  r_pixel  i1_cts i1_cts_err i2_cts i2_cts_err
I      3.00  1448.25  39.26  2382.38 117.53
I      5.00   963.67  27.96  1735.08  88.33
I      7.00   742.17  22.81  1190.82  39.22
I      9.00   535.96  13.40   873.44  17.54
M     11.00   457.82  10.20   637.86  18.53
M     13.00   393.99   8.10   500.12  14.72
M     15.00   342.42   5.53   431.35   8.14
M     17.00   302.19   3.78   369.70   5.82
M     19.00   273.68   5.56   332.57   4.86
M     21.00   250.51   4.05   296.65   4.32
M     23.00   233.67   3.52   259.95   3.52
M     25.00   212.03   3.79   239.76   2.91
M     27.00   206.60   2.09   228.30   2.41
M     29.00   202.81   2.42   214.84   1.60
M     31.00   193.21   1.92   207.53   2.12
M     33.00   181.18   2.20   197.04   2.33
M     35.00   180.21   2.72   187.52   2.26
M     37.00   170.98   1.92   181.04   1.95
M     39.00   171.10   1.94   176.48   1.64
M     41.00   158.71   2.21   168.63   1.59
M     43.05   156.38   2.23   159.61   1.30
M     45.20   151.72   1.51   152.98   1.87
M     47.46   143.58   1.35   150.16   1.68
M     49.84   140.68   1.20   146.61   1.69
M     52.33   139.66   1.19   142.26   1.60
M     54.94   131.89   1.14   137.10   1.47
M     57.69   130.34   0.85   132.34   1.15
M     60.58   126.33   0.82   127.63   1.25
M     63.60   122.23   0.97   124.33   1.01
M     66.78   120.00   0.66   118.73   1.15
M     70.12   117.03   0.64   116.83   0.94
M     73.63   113.80   0.44   113.67   0.74
M     77.31   111.38   0.42   111.73   0.60
M     81.18   107.85   0.38   107.09   0.48
M     85.24   107.08   0.44   105.83   0.38
M     89.50   105.41   0.52   104.67   0.55
M     93.97   103.55   0.55   102.90   0.62
M     98.67   103.26   0.52   100.85   0.77
M    103.60   102.72   0.50    99.63   0.65
M    108.79   101.26   0.45    98.87   0.56
M    114.22   100.28   0.46    99.80   0.59
M    119.94    99.88   0.45    99.57   0.52
M    125.93    99.50   0.41    98.00   0.50
M    132.23    99.63   0.38    99.08   0.48
M    138.84    98.75   0.38    98.48   0.48
M    145.78    99.71   0.35    98.68   0.46
M    153.07    98.98   0.34    97.98   0.42
M    160.73    98.06   0.34    99.19   0.42
M    168.76    98.83   0.31    98.46   0.37
M    177.20    98.43   0.29    98.96   0.37
M    186.06    99.03   0.25    98.29   0.34
M    195.36    99.09   0.20    98.79   0.31
M    205.13    99.16   0.20    98.87   0.30
M    215.39    99.17   0.23    98.46   0.32
M    226.16    98.57   0.26    99.18   0.28
M    237.46    99.20   0.21    99.19   0.28
M    249.34    99.21   0.17    97.81   0.30
M    261.80    99.22   0.15    99.22   0.23
