###  1237665428089864334 0.1859 30.0 99.593033
# method  r_pixel  i1_cts i1_cts_err i2_cts i2_cts_err
I      3.00  2097.71  33.76  1034.54   6.38
I      5.00  1873.38  47.57   891.60   3.22
I      7.00  1413.87  29.27   755.69   3.86
I      9.00  1142.09  16.11   633.55   6.10
I     11.00   935.83  10.27   570.02   3.75
M     13.00   794.52  13.75   511.51   5.95
M     15.00   658.85  23.62   471.93   5.91
M     17.00   570.26   8.91   435.15   6.04
M     19.00   520.87   4.42   411.86   5.30
M     21.00   485.45   7.22   377.71   4.11
M     23.00   433.88   9.04   349.49   3.00
M     25.00   407.66   6.14   331.91   4.05
M     27.00   383.78   4.51   329.78   4.38
M     29.00   380.40   2.85   331.86   4.03
M     31.00   378.07   1.90   316.62   3.00
M     33.00   369.21   1.99   304.66   2.38
M     35.00   360.24   3.20   297.21   2.04
M     37.00   344.15   3.48   281.94   2.54
M     39.00   325.64   2.73   274.88   2.48
M     41.00   308.34   2.93   272.91   1.71
M     43.05   294.02   2.75   263.40   1.28
M     45.20   284.15   1.98   259.97   1.58
M     47.46   273.97   1.89   258.28   1.73
M     49.84   268.42   1.34   258.61   1.60
M     52.33   258.05   1.62   262.37   1.38
M     54.94   254.36   1.76   260.09   1.53
M     57.69   244.14   1.83   260.86   2.44
M     60.58   246.01   2.16   264.24   2.35
M     63.60   243.63   2.15   262.00   1.86
M     66.78   244.62   2.55   264.85   1.92
M     70.12   240.38   2.37   260.92   1.18
M     73.63   237.86   2.75   251.71   1.19
M     77.31   234.28   2.74   243.23   1.66
M     81.18   229.03   2.23   226.43   1.20
M     85.24   227.83   1.52   215.82   1.40
M     89.50   223.60   1.30   209.33   1.34
M     93.97   223.00   1.10   203.70   1.46
M     98.67   218.10   1.22   200.93   1.39
M    103.60   216.61   1.26   196.41   1.13
M    108.79   216.49   1.20   190.53   0.81
M    114.22   217.48   0.87   182.81   0.62
M    119.94   214.69   0.85   175.78   0.68
M    125.93   209.34   1.12   169.86   0.62
M    132.23   188.33   1.01   165.85   0.58
M    138.84   166.67   1.01   157.47   0.51
M    145.78   151.66   0.68   149.15   0.52
M    153.07   138.41   0.48   145.16   0.62
M    160.73   126.28   0.40   139.43   0.70
M    168.76   118.08   0.34   134.01   0.68
M    177.20   112.49   0.31   130.13   0.70
M    186.06   109.64   0.33   124.82   0.43
M    195.36   105.77   0.27   119.36   0.30
M    205.13   103.34   0.24   112.68   0.23
M    215.39   102.45   0.22   109.06   0.16
M    226.16   101.88   0.21   106.66   0.14
M    237.46   101.57   0.21   105.16   0.16
M    249.34   100.76   0.19   104.07   0.18
M    261.80   100.49   0.17   102.62   0.15
