###  1237667444048658882 0.186 30.0 99.2192
# method  r_pixel  i1_cts i1_cts_err i2_cts i2_cts_err
I      3.00   321.36   0.41   777.31  15.25
I      5.00   254.07   1.74   612.49  12.39
I      7.00   210.11   3.45   401.15   6.68
M      9.00   188.57   6.13   290.57  12.95
M     11.00   174.69   3.10   228.46   6.40
M     13.00   173.56   4.06   185.15   2.98
M     15.00   162.69   6.95   165.52   2.76
M     17.00   163.76   7.12   149.77   2.15
M     19.00   162.12  10.08   142.92   2.23
M     21.00   153.01   7.31   131.67   1.80
M     23.00   137.31   6.21   131.15   2.33
M     25.00   132.28   5.80   125.97   1.74
M     27.00   131.61   4.05   121.06   1.94
M     29.00   121.94   4.00   117.93   1.61
M     31.00   126.31   3.10   115.43   1.50
M     33.00   115.61   3.11   113.17   1.29
M     35.00   113.30   2.54   113.11   1.08
M     37.00   113.71   2.19   109.70   1.18
M     39.00   113.74   2.59   108.35   1.16
M     41.00   110.54   1.63   106.79   1.36
M     43.05   109.16   2.39   105.29   1.58
M     45.20   107.24   1.91   104.51   1.46
M     47.46   107.76   1.84   104.06   1.01
M     49.84   103.41   1.52   102.02   1.08
M     52.33   104.12   1.30   101.78   0.98
M     54.94   102.03   1.36    97.54   0.89
M     57.69   103.35   1.02   100.65   1.08
M     60.58   100.53   0.87    99.58   0.72
M     63.60    98.61   0.87    99.70   0.87
M     66.78    99.71   0.79    97.30   0.77
M     70.12    98.31   0.83    97.24   0.70
M     73.63    98.45   0.75    98.71   0.75
M     77.31    97.26   0.60    99.39   0.82
M     81.18    96.89   0.67    98.59   0.76
M     85.24    98.85   0.67    98.62   0.70
M     89.50    97.41   0.64    99.26   0.68
M     93.97    97.97   0.65    99.42   0.61
M     98.67    97.17   0.54    98.81   0.62
M    103.60    99.09   0.58    97.88   0.48
M    108.79    98.84   0.52    99.04   0.54
M    114.22    98.10   0.49    98.74   0.53
M    119.94    99.28   0.50    99.19   0.45
M    125.93    98.20   0.44    98.51   0.44
M    132.23    99.54   0.40    98.83   0.44
M    138.84   101.06   0.25    99.35   0.39
M    145.78   100.59   0.22    98.62   0.34
M    153.07   100.17   0.21   100.02   0.35
M    160.73    99.86   0.15    99.78   0.36
M    168.76    99.62   0.09    99.46   0.31
M    177.20    99.57   0.15    99.56   0.28
M    186.06    99.53   0.22    99.54   0.20
M    195.36    99.41   0.27    99.39   0.20
M    205.13    99.44   0.33    99.25   0.23
M    215.39    99.36   0.28    99.32   0.23
M    226.16    99.42   0.27    99.28   0.24
M    237.46    99.44   0.27    99.02   0.24
M    249.34    99.37   0.21    99.33   0.22
M    261.80    99.23   0.17    99.27   0.21
