###  1237667444048658530 0.186 30.0 101.97527
# method  r_pixel  i1_cts i1_cts_err i2_cts i2_cts_err
I      3.00  1656.45  11.58  2485.83  44.68
I      5.00  1008.44  16.09  1463.56  28.13
I      7.00   716.63   6.12   955.83  11.86
I      9.00   554.95   4.03   693.67   6.16
M     11.00   452.34  10.00   529.40   9.63
M     13.00   379.86   5.96   441.54  13.00
M     15.00   330.26   4.80   378.57   6.71
M     17.00   295.80   3.00   327.18   2.83
M     19.00   262.14   4.40   280.94   4.30
M     21.00   246.47   3.48   254.02   4.71
M     23.00   222.67   1.78   239.40   3.52
M     25.00   207.56   2.17   232.92   3.79
M     27.00   198.13   1.75   225.22   6.32
M     29.00   188.80   1.76   215.33  11.39
M     31.00   178.91   1.91   193.63   5.43
M     33.00   167.83   2.09   180.75   2.69
M     35.00   163.15   1.60   172.55   1.61
M     37.00   157.42   1.92   162.50   1.63
M     39.00   152.48   1.62   157.39   1.50
M     41.00   148.80   1.69   149.77   1.12
M     43.05   146.43   1.87   142.88   1.55
M     45.20   139.91   1.42   138.78   1.63
M     47.46   136.34   1.30   128.89   1.29
M     49.84   130.37   1.23   122.76   1.01
M     52.33   121.83   1.08   121.55   1.33
M     54.94   119.15   1.07   116.05   1.30
M     57.69   116.55   0.97   112.52   0.99
M     60.58   112.70   0.75   109.66   1.00
M     63.60   109.08   0.80   106.97   0.87
M     66.78   109.63   0.74   106.51   0.87
M     70.12   108.44   0.86   104.77   0.73
M     73.63   109.01   0.65   103.29   0.83
M     77.31   108.08   0.85   102.68   0.71
M     81.18   106.70   0.80   102.06   0.65
M     85.24   106.90   0.58   100.76   0.68
M     89.50   105.34   0.49   103.90   0.68
M     93.97   105.28   0.56   101.66   0.60
M     98.67   105.52   0.56    99.98   0.51
M    103.60   106.68   0.50   100.32   0.60
M    108.79   105.22   0.42   100.77   0.51
M    114.22   103.66   0.33   100.72   0.54
M    119.94   102.75   0.33    99.08   0.50
M    125.93   103.40   0.57   100.02   0.52
M    132.23   103.55   0.48    99.74   0.46
M    138.84   104.38   0.42   100.25   0.46
M    145.78   108.82   0.47   100.80   0.42
M    153.07   112.18   0.41   100.52   0.37
M    160.73   113.87   0.42   100.85   0.43
M    168.76   115.82   0.37   101.70   0.49
M    177.20   116.55   0.41   103.31   0.48
M    186.06   114.99   0.46   103.99   0.44
M    195.36   117.49   0.48   102.91   0.40
M    205.13   115.99   0.41   100.56   0.34
M    215.39   115.52   0.36   100.43   0.28
M    226.16   121.04   0.39   100.28   0.28
M    237.46   124.17   0.34   100.82   0.25
M    249.34   124.11   0.36   100.03   0.25
M    261.80   127.59   0.59    99.32   0.24
