###  1237667443511656567 0.1859 30.0 99.950455
# method  r_pixel  i1_cts i1_cts_err i2_cts i2_cts_err
I      3.00  1871.72   7.36  3735.95  15.28
I      5.00  1290.07   7.81  2396.99  16.64
I      7.00   966.18   6.19  1555.45  13.04
I      9.00   786.85   5.99  1122.98   2.51
M     11.00   661.10  12.72   859.29  23.56
M     13.00   578.16   8.57   717.32  15.06
M     15.00   516.85   8.09   606.35   9.18
M     17.00   473.20   6.78   545.04   7.13
M     19.00   436.51   6.95   489.37   6.47
M     21.00   400.63   8.18   443.49   4.14
M     23.00   389.19   9.09   418.04   6.75
M     25.00   372.08   7.66   388.17   6.87
M     27.00   361.48   8.55   369.71   7.09
M     29.00   344.80   5.80   349.20   8.19
M     31.00   345.81   6.48   338.29   6.47
M     33.00   323.28   6.18   330.63   6.59
M     35.00   308.21   3.87   316.45   6.22
M     37.00   290.44   3.87   300.15   4.61
M     39.00   258.32   3.13   281.84   4.13
M     41.00   238.84   1.85   256.94   2.61
M     43.05   216.60   1.64   237.78   1.49
M     45.20   198.82   1.30   219.61   1.28
M     47.46   187.67   1.03   202.45   1.26
M     49.84   179.08   1.38   188.77   1.11
M     52.33   171.27   1.19   175.93   1.60
M     54.94   162.59   1.20   170.49   1.41
M     57.69   158.51   1.03   162.73   1.36
M     60.58   154.77   0.80   157.37   1.39
M     63.60   149.62   0.91   153.24   1.21
M     66.78   146.93   0.73   150.71   0.95
M     70.12   142.14   0.68   146.82   0.77
M     73.63   137.59   0.48   141.98   0.63
M     77.31   132.99   0.59   136.21   0.49
M     81.18   127.95   0.48   131.37   0.38
M     85.24   125.07   0.40   128.03   0.32
M     89.50   121.60   0.37   124.50   0.31
M     93.97   119.03   0.38   122.42   0.37
M     98.67   116.32   0.36   118.59   0.36
M    103.60   113.79   0.32   116.03   0.34
M    108.79   111.97   0.31   114.40   0.26
M    114.22   110.07   0.30   112.64   0.19
M    119.94   108.21   0.30   110.48   0.26
M    125.93   106.32   0.31   108.31   0.24
M    132.23   105.22   0.22   106.56   0.13
M    138.84   104.00   0.30   105.18   0.14
M    145.78   102.86   0.26   104.25   0.14
M    153.07   102.31   0.26   102.07   0.19
M    160.73   101.63   0.25   101.69   0.20
M    168.76   100.99   0.23   101.95   0.16
M    177.20   100.85   0.22   101.20   0.16
M    186.06    99.96   0.22   100.32   0.17
M    195.36    99.93   0.19   100.23   0.17
M    205.13   100.28   0.19   100.31   0.16
M    215.39    99.97   0.17   100.01   0.14
M    226.16   100.31   0.17   100.27   0.13
M    237.46    99.84   0.16   100.20   0.12
M    249.34    99.90   0.15   100.08   0.13
M    261.80    99.45   0.15    99.98   0.13
M    274.89   100.05   0.22    99.97   0.13
