###  1237667442974785781 0.186 30.0 99.795181
# method  r_pixel  i1_cts i1_cts_err i2_cts i2_cts_err
I      3.00   356.61   2.08   397.81   2.29
I      5.00   309.27   3.38   340.93   1.40
I      7.00   287.08   1.75   301.91   1.07
M      9.00   250.92   6.27   276.80   3.83
M     11.00   236.62   6.27   252.49   2.54
M     13.00   226.20   4.86   233.68   1.75
M     15.00   212.29   2.60   223.93   2.30
M     17.00   202.69   2.33   209.64   1.51
M     19.00   194.69   1.65   202.25   1.21
M     21.00   188.10   1.99   195.03   1.81
M     23.00   186.61   1.84   189.27   1.41
M     25.00   180.45   1.88   186.09   1.75
M     27.00   178.05   2.16   178.97   1.09
M     29.00   174.06   2.80   174.35   1.55
M     31.00   167.35   1.96   170.79   1.44
M     33.00   165.29   2.05   166.32   1.10
M     35.00   156.91   1.77   159.40   1.02
M     37.00   146.30   2.07   154.18   1.16
M     39.00   143.35   1.58   143.14   1.21
M     41.00   138.36   1.47   136.49   1.30
M     43.05   131.81   1.86   131.71   1.35
M     45.20   129.90   1.26   131.03   0.98
M     47.46   127.48   1.03   126.07   0.68
M     49.84   124.00   1.12   123.26   0.69
M     52.33   121.13   1.09   120.73   0.76
M     54.94   120.14   0.99   118.68   0.66
M     57.69   117.36   0.78   116.90   0.57
M     60.58   115.09   0.77   114.60   0.57
M     63.60   113.50   0.63   113.23   0.50
M     66.78   111.80   0.62   110.57   0.45
M     70.12   109.84   0.69   110.44   0.45
M     73.63   109.85   0.57   107.05   0.45
M     77.31   108.95   0.57   106.92   0.43
M     81.18   106.87   0.38   105.46   0.44
M     85.24   105.21   0.18   105.57   0.42
M     89.50   104.73   0.04   104.59   0.38
M     93.97   104.25   0.02   103.02   0.34
M     98.67   103.85   0.02   103.70   0.39
M    103.60   103.49   0.02   103.19   0.30
M    108.79   103.18   0.03   102.06   0.28
M    114.22   101.98   0.02   102.70   0.33
M    119.94   101.81   0.00   101.17   0.29
M    125.93   101.56   0.01   101.36   0.28
M    132.23   101.01   0.01   100.32   0.24
M    138.84   100.58   0.01    99.97   0.24
M    145.78   100.37   0.00    99.56   0.24
M    153.07   100.19   0.00    99.70   0.23
M    160.73   100.06   0.00    99.67   0.22
M    168.76    99.96   0.00    99.86   0.19
M    177.20    99.90   0.00    99.73   0.19
M    186.06    99.84   0.05    99.48   0.18
M    195.36    99.77   0.13    99.11   0.16
M    205.13    99.80   0.13    99.46   0.16
M    215.39    99.84   0.13    99.73   0.16
M    226.16    99.86   0.15    99.59   0.14
M    237.46    99.71   0.13    99.72   0.13
M    249.34    99.75   0.13    99.83   0.10
M    261.80   100.01   0.13    99.93   0.09
