###  1237667444585922611 0.186 30.0 101.10007
# method  r_pixel  i1_cts i1_cts_err i2_cts i2_cts_err
I      3.00   815.96   4.39  7786.76 133.72
I      5.00   506.04   2.40  4398.20  65.25
I      7.00   392.11   4.62  1717.40  18.86
I      9.00   338.33   0.81   851.83   9.72
M     11.00   314.33   1.95   549.01  30.83
M     13.00   293.70   2.10   406.42  10.32
M     15.00   273.67   1.90   342.22   2.82
M     17.00   259.89   2.32   311.91   2.91
M     19.00   247.87   1.47   291.33   1.51
M     21.00   236.14   2.52   273.07   2.61
M     23.00   225.12   2.34   257.27   1.99
M     25.00   209.90   1.52   248.02   1.73
M     27.00   203.46   1.91   235.50   1.98
M     29.00   187.67   2.25   223.13   1.24
M     31.00   178.26   2.01   212.40   1.59
M     33.00   164.74   1.68   196.26   1.71
M     35.00   155.98   1.22   182.72   1.78
M     37.00   151.86   1.37   170.26   1.77
M     39.00   143.43   1.24   157.27   1.57
M     41.00   139.20   1.06   150.27   1.44
M     43.05   135.19   1.46   136.49   1.35
M     45.20   131.22   1.03   134.44   1.28
M     47.46   129.96   1.10   128.30   1.02
M     49.84   129.26   0.87   122.12   0.94
M     52.33   128.01   0.94   119.41   0.79
M     54.94   133.31   1.63   119.19   0.83
M     57.69   130.53   2.37   121.83   1.42
M     60.58   131.27   1.93   122.09   2.58
M     63.60   124.13   1.53   119.00   4.89
M     66.78   125.82   1.30   116.32   3.46
M     70.12   123.22   0.85   110.10   1.48
M     73.63   118.25   0.68   107.61   0.71
M     77.31   114.64   0.55   103.66   0.65
M     81.18   113.73   0.52   102.90   0.58
M     85.24   112.99   0.43   103.12   0.53
M     89.50   116.99   0.47   101.01   0.47
M     93.97   116.68   0.42   100.79   0.44
M     98.67   116.17   0.46   101.21   0.39
M    103.60   115.94   0.42   100.94   0.41
M    108.79   117.09   0.47    99.80   0.41
M    114.22   117.72   0.39    99.84   0.35
M    119.94   117.45   0.62   100.22   0.35
M    125.93   115.87   0.64    99.42   0.36
M    132.23   117.66   0.65    99.67   0.32
M    138.84   119.31   0.50    99.43   0.29
M    145.78   121.06   0.56    99.38   0.28
M    153.07   120.30   0.67    99.52   0.29
M    160.73   121.60   0.77    99.60   0.26
M    168.76   121.85   0.92   100.56   0.22
M    177.20   122.33   1.06   101.37   0.20
M    186.06   103.57   0.39    99.98   0.26
M    195.36   102.81   0.19   100.48   0.24
M    205.13   102.64   0.16   101.47   0.24
M    215.39   102.47   0.13   100.79   0.22
M    226.16   102.28   0.11    99.58   0.19
M    237.46   102.14   0.08    99.20   0.17
M    249.34   101.92   0.06    99.81   0.16
M    261.80   101.63   0.05    99.62   0.16
