###  1237667324334702708 0.186 30.0 99.991096
# method  r_pixel  i1_cts i1_cts_err i2_cts i2_cts_err
I      3.00   506.19   9.34   318.82   2.84
I      5.00   452.66  12.95   282.39   0.98
I      7.00   362.41   9.47   236.68   0.84
I      9.00   309.03   9.22   212.28   0.61
M     11.00   266.78   5.87   199.01   2.77
M     13.00   236.61   3.48   185.74   0.95
M     15.00   221.32   4.87   166.33   2.27
M     17.00   204.78   4.92   162.99   1.75
M     19.00   196.01   2.23   154.78   2.11
M     21.00   178.36   2.43   151.22   1.60
M     23.00   167.71   2.71   145.26   2.11
M     25.00   167.34   2.08   141.09   2.45
M     27.00   162.79   1.42   138.66   1.64
M     29.00   160.55   1.57   136.78   1.31
M     31.00   158.78   2.37   135.81   1.23
M     33.00   160.27   2.16   132.57   0.96
M     35.00   160.36   1.83   130.27   1.19
M     37.00   161.23   2.13   126.82   1.36
M     39.00   158.62   1.76   128.20   1.28
M     41.00   161.60   2.07   125.89   0.90
M     43.05   165.88   2.30   126.17   1.28
M     45.20   161.70   2.26   123.40   0.96
M     47.46   160.33   2.22   119.65   1.07
M     49.84   165.55   2.18   120.78   1.01
M     52.33   160.10   2.91   118.19   1.09
M     54.94   163.89   3.05   114.45   0.96
M     57.69   164.60   3.24   113.29   0.82
M     60.58   169.32   3.60   112.51   0.77
M     63.60   174.45   3.90   111.42   0.91
M     66.78   176.57   4.66   109.91   0.84
M     70.12   183.62   5.29   108.39   0.66
M     73.63   187.94   5.61   107.00   0.77
M     77.31   195.83   6.82   106.41   0.75
M     81.18   202.60   7.10   106.73   0.69
M     85.24   206.58   7.68   105.26   0.64
M     89.50   211.71   8.23   105.80   0.60
M     93.97   212.60   8.35   104.28   0.64
M     98.67   214.66   7.93   108.10   3.97
M    103.60   206.94   6.97   116.53   3.41
M    108.79   198.15   6.44   146.55   2.93
M    114.22   194.67   5.04   136.43   2.44
M    119.94   183.77   3.88   128.61   1.07
M    125.93   171.37   2.75   124.06   0.80
M    132.23   162.43   1.87   119.46   0.63
M    138.84   152.61   1.32   115.40   0.47
M    145.78   142.85   0.91   111.52   0.38
M    153.07   135.40   0.58   102.21   0.46
M    160.73   128.61   0.42   100.48   0.36
M    168.76   123.20   0.36   100.74   0.35
M    177.20   117.43   0.38   100.10   0.32
M    186.06   108.47   0.35    99.88   0.29
M    195.36   102.90   0.24   100.35   0.29
M    205.13   104.18   0.24    99.78   0.28
M    215.39   102.81   0.20    99.27   0.25
M    226.16   101.47   0.16    99.82   0.24
M    237.46   102.11   0.19    99.61   0.23
M    249.34   102.02   0.22    99.62   0.23
M    261.80   101.35   0.18    99.92   0.20
