###  1237667324334833744 0.1861 30.0 99.545883
# method  r_pixel  i1_cts i1_cts_err i2_cts i2_cts_err
I      3.00   955.44   6.35  2494.43 107.43
I      5.00   728.95   3.06  1724.70  80.16
I      7.00   579.59   3.79  1116.93  41.85
I      9.00   479.24   4.38   788.78  19.57
M     11.00   422.50   4.61   632.76  19.71
M     13.00   367.63   4.34   521.07  12.42
M     15.00   345.82   4.77   440.92   6.85
M     17.00   314.90   3.26   391.23   6.83
M     19.00   298.75   2.39   356.22   3.58
M     21.00   274.57   2.80   326.38   3.74
M     23.00   260.21   1.99   310.36   2.63
M     25.00   249.05   2.27   289.86   1.29
M     27.00   240.73   1.43   270.17   2.12
M     29.00   233.96   1.74   255.51   3.07
M     31.00   225.89   1.60   245.72   2.00
M     33.00   221.96   1.74   237.44   2.30
M     35.00   217.71   1.12   233.23   1.91
M     37.00   212.07   1.22   227.51   2.03
M     39.00   204.68   1.04   221.45   1.92
M     41.00   202.60   1.10   213.31   1.24
M     43.05   199.90   1.55   211.71   1.28
M     45.20   197.71   1.79   206.07   1.51
M     47.46   196.35   2.28   206.16   1.90
M     49.84   189.97   2.32   199.46   2.61
M     52.33   189.37   3.23   199.16   2.75
M     54.94   189.23   2.99   198.36   2.78
M     57.69   177.22   3.70   195.21   2.76
M     60.58   177.90   3.49   191.65   2.79
M     63.60   169.34   3.10   196.59   2.97
M     66.78   161.77   2.30   190.59   2.56
M     70.12   159.63   1.74   183.35   2.41
M     73.63   157.92   1.31   176.07   1.73
M     77.31   157.17   1.05   165.50   1.67
M     81.18   151.86   0.84   160.91   1.25
M     85.24   145.25   0.64   149.98   0.88
M     89.50   139.41   0.54   143.54   0.61
M     93.97   134.27   0.56   136.15   0.64
M     98.67   130.81   0.51   130.14   0.66
M    103.60   127.64   0.41   126.09   0.65
M    108.79   122.59   0.49   123.27   0.54
M    114.22   118.33   0.36   119.46   0.54
M    119.94   115.38   0.29   114.70   0.56
M    125.93   112.99   0.30   112.79   0.54
M    132.23   110.90   0.26   109.72   0.45
M    138.84   109.42   0.17   107.19   0.41
M    145.78   107.96   0.14   105.19   0.39
M    153.07   106.56   0.11   103.59   0.35
M    160.73   105.21   0.07   103.06   0.36
M    168.76   104.11   0.07   101.13   0.30
M    177.20   103.16   0.19   102.66   0.25
M    186.06   101.38   0.25   102.48   0.22
M    195.36   101.05   0.23   101.74   0.22
M    205.13   100.93   0.22   100.09   0.25
M    215.39   100.54   0.20   100.23   0.25
M    226.16    99.70   0.19    99.79   0.22
M    237.46   100.71   0.17    99.97   0.21
M    249.34   100.51   0.16   100.21   0.21
M    261.80   100.00   0.16    99.81   0.19
