###  1237667324334374925 0.1859 30.0 99.648972
# method  r_pixel  i1_cts i1_cts_err i2_cts i2_cts_err
I      3.00  1658.23  10.65  3613.00  24.75
I      5.00  1201.62   6.52  2736.69  45.94
I      7.00   920.29   6.74  1859.24  43.40
I      9.00   746.88   5.53  1304.27  33.45
M     11.00   643.02  14.18  1029.44  31.48
M     13.00   554.99   6.41   791.43  16.74
M     15.00   498.80   7.28   673.28  12.56
M     17.00   450.25   3.94   569.04   9.73
M     19.00   421.12   3.21   518.24   8.14
M     21.00   382.72   4.24   453.84   8.52
M     23.00   362.83   1.99   415.70   6.58
M     25.00   342.81   1.89   386.08   3.46
M     27.00   325.63   2.40   361.73   2.50
M     29.00   314.98   1.82   342.95   2.45
M     31.00   298.20   2.08   327.37   2.29
M     33.00   280.72   2.22   310.07   1.88
M     35.00   265.11   1.19   296.13   1.58
M     37.00   253.31   1.42   282.19   1.75
M     39.00   239.86   1.33   264.27   1.94
M     41.00   230.33   1.63   253.57   1.38
M     43.05   222.33   1.60   242.52   1.29
M     45.20   214.67   1.48   232.31   1.15
M     47.46   203.71   1.22   225.26   1.47
M     49.84   193.75   1.25   214.08   1.50
M     52.33   189.24   1.42   204.14   1.40
M     54.94   182.56   1.18   193.59   1.32
M     57.69   171.76   1.09   183.58   1.21
M     60.58   164.24   0.89   172.72   1.50
M     63.60   158.51   0.75   162.33   1.31
M     66.78   152.16   0.81   151.66   1.29
M     70.12   144.11   0.62   146.07   0.94
M     73.63   137.55   0.67   136.72   0.86
M     77.31   129.73   0.61   131.57   0.66
M     81.18   123.09   0.49   127.32   0.60
M     85.24   118.76   0.36   123.85   0.59
M     89.50   115.60   0.33   120.33   0.50
M     93.97   112.19   0.32   114.96   0.45
M     98.67   110.60   0.29   111.71   0.31
M    103.60   109.06   0.23   109.53   0.24
M    108.79   106.91   0.23   107.41   0.27
M    114.22   104.23   0.26   104.79   0.21
M    119.94   103.86   0.28   103.91   0.29
M    125.93   103.43   0.29   102.90   0.31
M    132.23   102.43   0.28   103.04   0.23
M    138.84   101.69   0.25   102.25   0.23
M    145.78   101.28   0.20   101.05   0.29
M    153.07   100.84   0.15   101.52   0.27
M    160.73   100.61   0.14   100.65   0.21
M    168.76   100.41   0.14   100.45   0.18
M    177.20   100.21   0.17   100.29   0.21
M    186.06   100.02   0.19   100.26   0.22
M    195.36    99.88   0.17    99.92   0.16
M    205.13    99.77   0.17    99.76   0.08
M    215.39    99.65   0.16    99.66   0.07
M    226.16    99.59   0.17    99.60   0.13
M    237.46    99.54   0.18    99.71   0.17
M    249.34    99.20   0.17    99.77   0.17
M    261.80    99.21   0.16    99.76   0.15
