###  1237667323797635307 0.186 30.0 99.5660850383
# method  r_pixel  i1_cts i1_cts_err i2_cts i2_cts_err
I      3.00  1698.70  72.64  1424.20  20.89
I      5.00  1393.57 118.46  1258.85  30.30
I      7.00  1051.48 114.55  1090.36  24.64
M      9.00   757.48  58.24   832.11  29.41
M     11.00   620.84  27.93   623.69  18.40
M     13.00   549.28  23.47   499.76  11.22
M     15.00   517.18  18.28   414.87   8.68
M     17.00   438.61  10.83   371.16   3.16
M     19.00   378.63   4.70   352.28   3.13
M     21.00   338.24   2.97   336.87   4.10
M     23.00   306.00   2.23   306.00   4.47
M     25.00   269.82   3.42   265.21   3.35
M     27.00   241.35   2.01   229.90   2.04
M     29.00   220.65   1.98   210.64   1.04
M     31.00   200.88   2.06   195.73   1.41
M     33.00   189.70   1.91   183.27   1.97
M     35.00   180.37   1.15   176.61   1.25
M     37.00   175.78   1.22   170.94   1.67
M     39.00   169.39   1.41   169.25   1.17
M     41.00   164.34   1.43   169.16   1.44
M     43.05   163.16   1.12   167.91   1.09
M     45.20   158.96   0.98   165.26   1.61
M     47.46   156.80   1.35   165.03   1.29
M     49.84   152.42   0.95   163.05   1.20
M     52.33   151.33   0.94   158.73   1.18
M     54.94   145.00   1.09   158.87   1.05
M     57.69   142.54   0.72   152.16   0.91
M     60.58   139.17   0.93   146.58   1.08
M     63.60   133.81   0.99   139.45   0.83
M     66.78   130.74   0.90   131.77   0.82
M     70.12   127.09   0.83   126.84   0.75
M     73.63   124.50   0.73   124.07   0.73
M     77.31   120.25   0.81   121.96   0.67
M     81.18   116.73   0.70   119.07   0.61
M     85.24   114.70   0.60   115.42   0.30
M     89.50   110.98   0.57   111.68   0.15
M     93.97   110.81   0.56   109.75   0.07
M     98.67   107.11   0.52   108.64   0.47
M    103.60   106.03   0.51   107.00   0.50
M    108.79   103.46   0.51   106.67   0.46
M    114.22   102.44   0.45   105.73   0.43
M    119.94   102.92   0.50   104.51   0.44
M    125.93   101.94   0.41   102.42   0.40
M    132.23   101.19   0.40   102.05   0.39
M    138.84   101.07   0.37   101.68   0.37
M    145.78   100.27   0.37   100.75   0.34
M    153.07    99.52   0.33    99.73   0.32
M    160.73    99.87   0.35    99.75   0.31
M    168.76    99.30   0.29   100.01   0.31
M    177.20    99.40   0.29    99.54   0.29
M    186.06    99.44   0.22    99.72   0.27
M    195.36    99.44   0.19   100.05   0.26
M    205.13    99.41   0.13    99.90   0.25
M    215.39    99.25   0.23   100.01   0.25
M    226.16    98.89   0.22    99.61   0.21
M    237.46    99.06   0.20    99.70   0.22
M    249.34    99.57   0.19    99.59   0.19
M    261.80    99.61   0.16    99.61   0.21
