###  1237667322723827770 0.1859 30.0 99.547165
# method  r_pixel  i1_cts i1_cts_err i2_cts i2_cts_err
I      3.00   968.44   2.05  2154.90  14.93
I      5.00   786.64   1.76  3182.93  58.39
I      7.00   644.51   4.06  4939.62 181.62
I      9.00   540.13   6.17  7738.05 555.52
I     11.00   452.34   4.75  9234.03 835.58
M     13.00   404.03   6.84  6062.72 584.71
M     15.00   360.59   2.71  3890.41 441.49
M     17.00   326.83   3.85  2506.98 109.58
M     19.00   304.11   2.86  1747.75  73.31
M     21.00   284.40   2.68  1370.88  51.47
M     23.00   266.24   2.14  1087.01  30.42
M     25.00   251.16   1.18   903.77  21.89
M     27.00   237.99   1.74   750.97  12.83
M     29.00   223.41   1.84   672.36  10.61
M     31.00   212.11   1.99   607.17  11.27
M     33.00   203.93   1.18   541.97   9.70
M     35.00   192.36   1.66   458.48   6.47
M     37.00   185.43   1.33   410.52   6.22
M     39.00   177.89   0.97   360.60   3.25
M     41.00   171.31   1.20   321.84   2.74
M     43.05   164.04   1.23   292.99   2.34
M     45.20   159.21   0.98   267.14   2.41
M     47.46   156.84   0.76   245.76   1.90
M     49.84   150.56   0.82   227.89   1.65
M     52.33   145.30   0.78   212.52   1.34
M     54.94   143.83   0.82   200.46   0.90
M     57.69   141.49   0.76   190.87   1.56
M     60.58   140.17   0.69   181.49   4.53
M     63.60   141.34   0.67   171.89   1.96
M     66.78   141.41   0.70   163.45   0.89
M     70.12   143.81   0.81   156.05   0.98
M     73.63   146.32   0.79   150.38   0.93
M     77.31   147.72   0.61   145.76   0.64
M     81.18   149.70   0.50   142.45   0.69
M     85.24   150.66   0.44   141.92   0.49
M     89.50   150.81   0.40   141.02   0.45
M     93.97   150.03   0.40   139.71   0.43
M     98.67   148.62   0.41   140.01   0.36
M    103.60   147.15   0.37   139.83   0.33
M    108.79   145.88   0.38   140.84   0.34
M    114.22   143.74   0.36   139.68   0.33
M    119.94   141.01   0.32   139.41   0.31
M    125.93   136.35   0.35   138.76   0.33
M    132.23   131.09   0.33   136.61   0.39
M    138.84   126.98   0.32   133.76   0.32
M    145.78   121.77   0.30   131.54   0.27
M    153.07   115.68   0.29   127.23   0.26
M    160.73   113.65   0.28   124.22   0.26
M    168.76   111.18   0.28   120.66   0.26
M    177.20   107.32   0.28   115.46   0.21
M    186.06   104.45   0.23   111.70   0.19
M    195.36   104.10   0.21   108.78   0.18
M    205.13   102.27   0.18   107.53   0.15
M    215.39   102.37   0.15   105.52   0.10
M    226.16   102.20   0.14   104.25   0.08
M    237.46   101.11   0.16   102.99   0.09
M    249.34   100.79   0.15   102.21   0.10
M    261.80   100.61   0.14   101.50   0.08
