###  1237667323260567605 0.1859 30.0 99.802559
# method  r_pixel  i1_cts i1_cts_err i2_cts i2_cts_err
I      3.00   380.63   6.04   324.40   1.08
I      5.00   319.78   3.27   270.70   3.61
I      7.00   280.85   1.51   226.70   3.79
I      9.00   243.65   3.15   216.28   2.49
M     11.00   221.29   3.40   192.86   2.43
M     13.00   201.24   2.44   181.46   1.56
M     15.00   185.72   1.93   174.26   2.24
M     17.00   173.04   1.07   161.91   1.32
M     19.00   164.33   2.24   151.68   2.13
M     21.00   156.01   1.49   146.36   1.56
M     23.00   147.82   1.10   141.29   1.40
M     25.00   140.56   0.89   140.84   1.13
M     27.00   137.27   1.43   138.41   1.18
M     29.00   133.16   1.43   134.26   1.23
M     31.00   131.21   1.17   133.82   1.21
M     33.00   129.36   1.09   129.70   1.32
M     35.00   128.38   1.47   128.41   1.25
M     37.00   126.95   1.44   125.94   1.29
M     39.00   125.21   1.18   125.25   0.87
M     41.00   124.64   0.95   124.31   1.14
M     43.05   123.14   1.25   123.22   0.83
M     45.20   118.13   1.09   119.92   0.83
M     47.46   117.81   0.78   117.78   0.84
M     49.84   118.47   0.68   116.99   0.81
M     52.33   115.36   0.84   115.40   0.72
M     54.94   114.68   0.87   113.92   0.75
M     57.69   112.03   0.87   111.17   0.68
M     60.58   111.19   0.82   111.78   0.70
M     63.60   108.97   0.68   109.60   0.63
M     66.78   108.43   0.61   109.72   0.69
M     70.12   108.31   0.56   108.09   0.49
M     73.63   106.17   0.51   107.09   0.47
M     77.31   106.63   0.57   107.20   0.49
M     81.18   106.22   0.50   106.10   0.49
M     85.24   105.78   0.50   106.20   0.46
M     89.50   103.16   0.52   104.89   0.41
M     93.97   103.38   0.25   103.96   0.42
M     98.67   102.78   0.04   103.31   0.45
M    103.60   102.41   0.02   103.27   0.39
M    108.79   102.11   0.02   102.29   0.35
M    114.22   101.86   0.06   102.10   0.26
M    119.94   101.51   0.17   101.81   0.28
M    125.93   101.20   0.29   101.51   0.25
M    132.23   101.01   0.28   101.26   0.31
M    138.84   100.81   0.28   101.54   0.32
M    145.78   100.64   0.27   100.95   0.30
M    153.07   100.44   0.24   100.77   0.28
M    160.73   100.32   0.25   101.21   0.26
M    168.76   100.67   0.25   100.16   0.27
M    177.20    99.82   0.25   100.08   0.24
M    186.06   100.27   0.23    99.92   0.23
M    195.36    99.85   0.21    99.59   0.21
M    205.13    99.79   0.17   100.12   0.19
M    215.39    99.76   0.14    99.93   0.18
M    226.16    99.75   0.14    99.76   0.17
M    237.46    99.76   0.15    99.84   0.16
M    249.34    99.77   0.15    99.66   0.15
M    261.80    99.76   0.16    99.75   0.15
