###  1237667442974851236 0.396 27.935 214.66214
# method  r_pixel  i1_cts i1_cts_err i2_cts i2_cts_err
I      3.00   242.22   0.31   262.78   1.82
I      5.00   233.21   1.11   246.23   2.82
I      7.00   223.43   1.84   232.07   1.32
M      9.00   226.52   0.60   232.36   4.62
M     11.00   223.47   0.14   233.33   1.93
M     13.00   221.67   0.66   229.45   2.20
M     15.00   220.39   0.16   223.15   2.74
M     17.00   219.29   0.94   218.79   1.96
M     19.00   218.92   0.74   218.79   2.04
M     21.00   218.21   1.40   216.85   1.77
M     23.00   216.18   0.99   217.34   1.49
M     25.00   216.24   0.73   217.83   1.53
M     27.00   214.88   1.05   215.89   2.03
M     29.00   213.90   1.09   217.84   1.27
M     31.00   213.89   1.51   213.95   1.46
M     33.00   216.79   1.42   214.92   1.17
M     35.00   213.87   1.33   214.91   1.30
M     37.00   216.29   1.09   217.35   1.32
M     39.00   215.83   1.21   213.47   1.32
M     41.00   214.84   1.24   215.41   1.23
M     43.05   212.92   1.24   215.91   1.44
M     45.20   215.80   1.36   213.98   1.44
M     47.46   215.79   1.15   214.93   1.29
M     49.84   213.89   1.13   215.88   0.73
M     52.33   213.86   1.13   215.15   0.71
M     54.94   213.86   1.19   214.72   0.65
M     57.69   216.77   0.94   214.87   0.26
M     60.58   215.78   0.95   214.99   0.32
M     63.60   213.85   0.92   214.78   0.08
M     66.78   213.87   0.86   214.59   0.12
M     70.12   213.87   0.88   214.47   0.22
M     73.63   213.88   0.72   214.52   0.47
M     77.31   213.85   0.80   214.64   0.60
M     81.18   214.77   0.72   214.81   0.58
M     85.24   214.84   0.58   214.01   0.67
M     89.50   214.90   0.60   214.98   0.60
M     93.97   214.90   0.57   214.89   0.57
M     98.67   214.82   0.51   214.84   0.27
M    103.60   213.85   0.52   214.70   0.30
M    108.79   214.63   0.50   214.63   0.21
M    114.22   213.86   0.44   214.67   0.30
M    119.94   214.77   0.48   214.84   0.35
M    125.93   214.87   0.46   215.01   0.27
