###  1237667444585726015 0.396 27.956 208.94788
# method  r_pixel  i1_cts i1_cts_err i2_cts i2_cts_err
I      3.00   481.79   3.25   612.36  13.31
I      5.00   333.01   2.37   383.52   3.23
I      7.00   291.61   3.08   311.93   1.80
I      9.00   266.85   3.75   279.30   4.08
M     11.00   254.31   1.92   261.80   2.87
M     13.00   252.49   1.85   251.96   2.41
M     15.00   237.99   1.69   241.73   2.34
M     17.00   235.45   1.66   236.98   1.76
M     19.00   229.78   1.62   229.70   1.95
M     21.00   230.65   1.83   233.40   1.45
M     23.00   225.07   1.58   225.88   1.21
M     25.00   226.29   1.77   221.03   1.21
M     27.00   227.00   1.40   221.72   2.03
M     29.00   222.07   1.39   225.09   1.70
M     31.00   222.49   1.73   223.98   1.76
M     33.00   219.91   1.22   223.27   2.02
M     35.00   219.02   1.04   220.13   1.49
M     37.00   219.37   1.28   218.28   1.03
M     39.00   215.76   1.09   217.27   1.18
M     41.00   217.66   1.25   216.18   1.30
M     43.05   214.58   1.21   213.76   1.57
M     45.20   212.84   1.14   215.48   0.92
M     47.46   213.59   1.19   213.23   1.22
M     49.84   212.99   0.99   212.80   1.12
M     52.33   211.63   0.83   212.41   0.97
M     54.94   212.87   0.66   211.95   0.79
M     57.69   212.10   0.73   212.45   0.90
M     60.58   211.53   0.78   211.25   0.75
M     63.60   210.45   0.90   209.93   0.81
M     66.78   210.33   0.82   209.63   0.74
M     70.12   210.18   0.66   210.98   0.80
M     73.63   208.35   0.62   209.37   0.62
M     77.31   210.04   0.60   209.78   0.75
M     81.18   210.98   0.61   210.15   0.61
M     85.24   209.48   0.63   208.75   0.57
M     89.50   210.42   0.58   208.70   0.56
M     93.97   208.95   0.56   209.38   0.49
M     98.67   208.67   0.49   209.99   0.55
M    103.60   209.05   0.49   210.70   0.45
M    108.79   208.57   0.48   209.89   0.45
M    114.22   208.41   0.50   209.17   0.32
M    119.94   209.73   0.42   209.09   0.30
M    125.93   209.09   0.38   209.18   0.34
M    132.23   209.55   0.41   209.88   0.37
M    138.84   208.51   0.41   209.08   0.30
