###  1237667444048330974 0.396 27.91 204.70058
# method  r_pixel  i1_cts i1_cts_err i2_cts i2_cts_err
I      3.00   405.17   2.22   394.36   6.60
I      5.00   322.59   3.53   325.34   3.33
I      7.00   291.35   2.19   293.79   2.42
I      9.00   281.77   1.25   272.45   1.15
M     11.00   260.71   1.82   258.85   3.27
M     13.00   250.34   2.45   253.31   2.19
M     15.00   244.91   3.02   243.39   3.21
M     17.00   238.36   1.20   243.62   1.56
M     19.00   239.87   1.70   236.37   1.63
M     21.00   229.18   1.43   233.20   1.50
M     23.00   225.59   1.18   229.30   1.57
M     25.00   223.88   1.68   223.23   1.10
M     27.00   223.14   1.12   220.87   1.73
M     29.00   221.64   1.26   216.93   1.58
M     31.00   220.52   1.10   221.24   1.44
M     33.00   219.15   1.31   220.20   1.18
M     35.00   215.79   1.21   219.42   1.40
M     37.00   215.61   1.18   217.67   1.51
M     39.00   216.40   1.17   212.01   1.27
M     41.00   212.54   1.25   212.72   1.20
M     43.05   212.30   1.07   210.24   0.99
M     45.20   211.78   0.93   210.84   0.80
M     47.46   211.77   0.99   213.20   1.09
M     49.84   214.05   1.24   211.47   0.93
M     52.33   210.89   0.92   212.11   1.09
M     54.94   208.94   0.92   209.60   0.84
M     57.69   208.96   0.84   208.13   1.05
M     60.58   208.13   0.73   206.98   0.88
M     63.60   207.89   0.61   207.00   0.85
M     66.78   207.68   0.54   207.05   0.79
M     70.12   207.51   0.63   206.60   0.80
M     73.63   207.27   0.63   208.11   0.65
M     77.31   205.61   0.63   208.11   0.60
M     81.18   207.34   0.54   208.49   0.59
M     85.24   205.31   0.57   206.67   0.44
M     89.50   206.26   0.54   206.21   0.37
M     93.97   206.31   0.48   205.75   0.30
M     98.67   206.47   0.48   205.48   0.29
M    103.60   206.23   0.45   205.23   0.42
M    108.79   205.59   0.39   204.88   0.50
M    114.22   205.43   0.41   204.08   0.46
M    119.94   204.90   0.39   204.46   0.42
M    125.93   204.36   0.35   204.57   0.38
M    132.23   204.65   0.35   204.88   0.35
M    138.84   204.96   0.37   204.78   0.29
