###  1237667444048265310 0.396 27.91 206.29977
# method  r_pixel  i1_cts i1_cts_err i2_cts i2_cts_err
I      3.00   516.06   6.21   513.50   7.75
I      5.00   429.32   8.00   434.78   1.25
I      7.00   368.12   5.46   372.65   2.78
I      9.00   358.02   3.36   352.94   2.28
M     11.00   324.39   2.46   326.39   3.59
M     13.00   309.29   1.94   306.44   2.20
M     15.00   288.35   3.61   292.34   2.93
M     17.00   272.82   3.26   275.88   2.36
M     19.00   259.85   2.95   268.33   2.06
M     21.00   251.30   1.92   256.36   2.32
M     23.00   244.32   2.43   244.39   1.55
M     25.00   240.29   1.28   242.39   1.82
M     27.00   241.31   2.13   241.36   1.81
M     29.00   232.30   1.26   235.38   2.26
M     31.00   225.30   1.45   227.86   1.67
M     33.00   224.30   1.69   223.37   1.70
M     35.00   218.28   1.65   222.38   1.20
M     37.00   219.29   1.22   221.87   2.18
M     39.00   215.29   1.18   219.38   1.36
M     41.00   211.78   1.07   218.39   1.37
M     43.05   213.27   1.19   214.89   0.91
M     45.20   210.27   1.05   210.37   1.31
M     47.46   212.27   1.33   210.39   1.09
M     49.84   213.27   1.28   209.89   1.04
M     52.33   211.77   1.30   210.41   0.98
M     54.94   210.76   1.11   208.38   1.01
M     57.69   209.28   0.88   208.41   0.90
M     60.58   208.24   1.04   209.39   0.97
M     63.60   208.27   1.00   208.39   0.82
M     66.78   206.26   1.00   207.42   0.90
M     70.12   208.24   0.79   208.42   0.84
M     73.63   208.26   0.70   208.42   0.80
M     77.31   208.22   0.72   205.91   0.68
M     81.18   205.25   0.63   206.92   0.67
M     85.24   206.21   0.56   207.41   0.60
M     89.50   208.20   0.62   206.45   0.58
M     93.97   207.19   0.55   206.44   0.59
M     98.67   206.22   0.56   205.47   0.52
M    103.60   206.19   0.54   207.41   0.54
M    108.79   206.20   0.50   206.43   0.51
M    114.22   206.18   0.49   206.44   0.49
M    119.94   206.19   0.49   204.49   0.50
M    125.93   206.17   0.50   205.48   0.47
M    132.23   206.17   0.39   206.48   0.42
M    138.84   206.19   0.40   206.47   0.40
M    145.78   206.14   0.38   205.52   0.38
M    153.07   206.29   0.29   206.53   0.41
M    160.73   206.25   0.32   205.53   0.39
