###  1237667324334702708 0.396 27.978 162.35684
# method  r_pixel  i1_cts i1_cts_err i2_cts i2_cts_err
I      3.00   247.56   2.53   316.33   2.90
I      5.00   226.80   1.08   258.39   0.73
I      7.00   199.16   0.84   219.64   3.55
I      9.00   191.33   1.91   196.91   1.13
M     11.00   189.19   3.39   187.54   1.73
M     13.00   187.35   2.55   181.34   2.30
M     15.00   179.05   1.90   176.20   2.28
M     17.00   183.00   1.52   173.60   1.61
M     19.00   175.49   2.17   170.42   1.80
M     21.00   174.74   1.67   163.78   2.60
M     23.00   176.04   1.30   165.81   1.24
M     25.00   171.78   1.63   162.99   2.22
M     27.00   170.76   1.54   161.51   1.57
M     29.00   169.30   1.48   161.37   1.32
M     31.00   166.67   1.60   158.94   1.51
M     33.00   165.12   1.26   162.55   1.40
M     35.00   166.41   1.41   159.26   1.69
M     37.00   164.49   1.12   160.42   0.86
M     39.00   162.86   1.05   162.99   1.36
M     41.00   164.02   1.26   162.35   1.02
M     43.05   165.50   0.95   163.09   1.51
M     45.20   164.68   1.06   163.62   1.52
M     47.46   164.03   1.03   160.65   1.54
M     49.84   164.40   1.10   161.53   1.37
M     52.33   164.80   0.96   160.13   1.14
M     54.94   165.70   0.93   162.75   1.37
M     57.69   163.76   0.93   162.64   1.23
M     60.58   162.61   0.84   163.09   0.89
M     63.60   163.72   0.82   162.91   0.85
M     66.78   163.68   0.74   162.77   0.71
M     70.12   163.90   0.77   162.51   0.63
M     73.63   163.22   0.66   162.27   0.56
M     77.31   162.32   0.69   162.20   0.53
M     81.18   162.28   0.51   162.19   0.44
M     85.24   163.11   0.67   162.33   0.48
M     89.50   162.43   0.60   162.30   0.55
M     93.97   161.61   0.62   161.76   0.52
M     98.67   162.69   0.50   162.23   0.50
M    103.60   162.51   0.50   162.42   0.52
M    108.79   163.13   0.45   162.45   0.46
M    114.22   163.13   0.43   162.25   0.47
M    119.94   162.09   0.41   162.20   0.45
M    125.93   162.09   0.36   163.23   0.44
M    132.23   162.08   0.41   161.96   0.39
M    138.84   162.09   0.36   162.46   0.34
M    145.78   163.11   0.37   162.70   0.35
M    153.07   163.11   0.32   161.98   0.33
M    160.73   162.59   0.31   162.02   0.33
M    168.76   162.07   0.32   163.19   0.29
M    177.20   163.10   0.33   162.22   0.28
M    186.06   162.06   0.29   162.44   0.27
M    195.36   162.06   0.27   162.47   0.25
M    205.13   162.05   0.26   162.51   0.23
M    215.39   162.43   0.23   162.44   0.23
M    226.16   162.37   0.21   162.38   0.20
