###  1237667444048789588 0.396 27.91 210.34079
# method  r_pixel  i1_cts i1_cts_err i2_cts i2_cts_err
I      3.00  1819.25  24.72  1576.23  19.84
I      5.00  1028.81   3.62   990.32  16.86
I      7.00   794.99   8.27   739.49  11.64
M      9.00   666.57  10.36   583.36  27.16
M     11.00   568.83  11.99   501.01   6.21
M     13.00   509.55   8.01   472.94  12.10
M     15.00   484.48   9.71   442.02  12.15
M     17.00   499.87   9.36   435.89   8.63
M     19.00   493.45   6.72   447.15   5.05
M     21.00   470.94   5.23   434.89   8.55
M     23.00   447.43   3.74   418.94   2.87
M     25.00   419.51   4.28   396.99   3.27
M     27.00   400.13   3.35   378.19   3.85
M     29.00   393.00   3.49   365.93   2.89
M     31.00   404.12   5.89   362.09   2.27
M     33.00   422.07   4.05   354.11   3.29
M     35.00   390.15   3.52   338.01   2.82
M     37.00   340.14   3.21   326.04   2.16
M     39.00   305.09   1.81   321.05   3.09
M     41.00   284.65   1.84   308.08   2.67
M     43.05   271.11   1.90   294.12   2.27
M     45.20   265.13   1.22   286.64   1.74
M     47.46   263.63   1.26   279.09   1.24
M     49.84   260.14   1.13   274.10   1.32
M     52.33   253.16   1.19   264.63   1.47
M     54.94   249.60   0.94   258.14   1.22
M     57.69   245.14   1.01   253.09   1.17
M     60.58   243.11   0.97   247.10   1.16
M     63.60   238.13   0.99   242.12   1.05
M     66.78   236.13   0.88   237.13   0.89
M     70.12   234.64   0.89   234.10   0.89
M     73.63   231.14   0.86   232.11   0.91
M     77.31   229.15   0.77   229.11   0.82
M     81.18   226.16   0.78   227.16   0.43
M     85.24   222.15   0.74   225.05   0.28
M     89.50   219.16   0.66   223.35   0.44
M     93.97   218.16   0.62   222.11   0.59
M     98.67   218.16   0.64   221.12   0.59
M    103.60   218.16   0.57   218.52   0.54
M    108.79   218.16   0.51   217.91   0.36
M    114.22   218.16   0.51   217.11   0.24
M    119.94   217.16   0.43   216.51   0.23
M    125.93   216.17   0.44   215.77   0.22
M    132.23   215.17   0.39   215.04   0.18
M    138.84   214.17   0.40   214.30   0.26
M    145.78   213.17   0.41   214.10   0.32
M    153.07   214.17   0.36   215.12   0.39
M    160.73   212.57   0.29   214.11   0.39
M    168.76   212.07   0.26   213.12   0.33
M    177.20   211.72   0.22   212.11   0.33
M    186.06   211.59   0.21   212.10   0.32
M    195.36   213.17   0.28   211.11   0.26
M    205.13   215.17   0.29   211.10   0.27
M    215.39   212.19   0.22   211.09   0.26
M    226.16   210.92   0.17   211.09   0.24
M    237.46   210.84   0.12   211.08   0.23
M    249.34   210.88   0.09   210.88   0.19
M    261.80   210.80   0.12   210.80   0.18
M    274.89   210.68   0.18   211.07   0.20
M    288.64   210.59   0.16   211.07   0.19
M    303.07   210.57   0.13   211.07   0.18
M    318.23   210.69   0.14   211.06   0.17
