###  1237667323797831800 0.396 27.932 163.15724
# method  r_pixel  i1_cts i1_cts_err i2_cts i2_cts_err
I      3.00   346.49   2.22   533.30  14.18
I      5.00   274.67   3.21   371.34   7.97
I      7.00   248.27   1.28   291.64   1.21
I      9.00   234.66   3.16   259.34   2.08
M     11.00   226.02   1.51   240.04   3.77
M     13.00   218.97   2.43   233.50   1.17
M     15.00   213.01   2.29   225.00   1.96
M     17.00   208.00   2.89   218.97   1.93
M     19.00   201.97   1.69   214.98   2.53
M     21.00   196.97   3.08   206.47   1.69
M     23.00   193.98   2.42   201.97   1.92
M     25.00   190.96   1.85   193.47   2.44
M     27.00   185.99   1.75   193.47   1.43
M     29.00   184.97   2.02   185.97   1.60
M     31.00   183.46   1.67   185.97   2.18
M     33.00   181.95   1.10   182.46   1.26
M     35.00   179.97   1.38   178.96   0.94
M     37.00   179.97   1.02   181.95   1.76
M     39.00   178.97   1.21   177.96   1.21
M     41.00   175.96   1.27   177.96   1.59
M     43.05   172.96   1.03   174.46   1.00
M     45.20   174.46   1.28   174.96   0.62
M     47.46   172.96   1.27   172.96   1.17
M     49.84   172.96   1.23   172.46   1.28
M     52.33   170.96   0.83   169.96   1.08
M     54.94   170.96   0.95   169.96   1.00
M     57.69   167.96   0.91   170.95   0.83
M     60.58   167.96   0.79   168.95   0.80
M     63.60   167.45   0.75   168.95   0.69
M     66.78   167.95   0.70   166.95   0.77
M     70.12   166.95   0.86   166.95   0.64
M     73.63   164.96   0.76   165.95   0.64
M     77.31   165.95   0.63   164.95   0.62
M     81.18   163.96   0.59   164.95   0.69
M     85.24   164.94   0.65   163.95   0.61
M     89.50   164.95   0.63   163.94   0.59
M     93.97   164.95   0.56   163.45   0.47
M     98.67   162.96   0.53   162.96   0.57
M    103.60   163.96   0.46   163.45   0.50
M    108.79   163.96   0.48   163.44   0.48
M    114.22   163.94   0.46   163.94   0.49
M    119.94   163.94   0.40   162.93   0.43
M    125.93   162.96   0.41   162.94   0.44
M    132.23   162.95   0.36   161.95   0.36
M    138.84   162.96   0.40   162.94   0.37
M    145.78   162.96   0.33   162.94   0.36
M    153.07   162.96   0.34   163.44   0.34
M    160.73   162.96   0.30   162.93   0.30
M    168.76   163.95   0.31   162.92   0.28
M    177.20   162.96   0.29   162.92   0.27
M    186.06   163.94   0.28   162.93   0.30
M    195.36   163.01   0.23   162.92   0.27
M    205.13   163.03   0.23   162.94   0.25
M    215.39   162.97   0.24   162.92   0.24
M    226.16   162.97   0.23   163.05   0.21
M    237.46   163.93   0.25   163.04   0.21
