###  1237667324334702622 0.396 27.978 163.44847
# method  r_pixel  i1_cts i1_cts_err i2_cts i2_cts_err
I      3.00  1696.07  19.69  2539.07   8.79
I      5.00   826.41   7.75  1132.18   4.35
I      7.00   540.21   7.18   673.86   8.21
I      9.00   445.49  11.27   482.73   9.33
M     11.00   355.27   6.74   370.16   8.00
M     13.00   303.98   6.38   316.38   3.50
M     15.00   266.14   3.27   278.90   5.43
M     17.00   247.12   1.83   253.72   2.70
M     19.00   230.65   1.40   236.04   1.97
M     21.00   223.66   0.90   221.67   1.70
M     23.00   216.76   1.22   217.83   1.55
M     25.00   214.31   1.27   213.22   1.82
M     27.00   208.25   1.20   210.57   2.47
M     29.00   203.45   1.27   206.06   1.55
M     31.00   201.17   1.00   199.00   1.32
M     33.00   195.68   1.00   197.08   1.92
M     35.00   190.76   0.78   194.02   0.87
M     37.00   187.70   0.86   192.60   1.36
M     39.00   183.40   0.73   190.76   1.49
M     41.00   181.24   0.93   185.31   1.46
M     43.05   177.73   0.78   182.71   1.13
M     45.20   175.50   0.92   179.63   0.93
M     47.46   175.45   0.66   179.29   0.89
M     49.84   173.52   0.74   178.12   1.15
M     52.33   174.41   0.76   175.66   1.04
M     54.94   172.32   0.57   173.92   0.74
M     57.69   169.70   0.62   171.15   0.60
M     60.58   169.56   0.57   169.85   0.47
M     63.60   168.05   0.52   168.25   0.60
M     66.78   166.53   0.59   167.08   0.54
M     70.12   165.63   0.52   166.44   0.73
M     73.63   165.35   0.49   166.52   0.64
M     77.31   164.78   0.41   165.10   0.72
M     81.18   164.13   0.40   163.44   0.61
M     85.24   164.15   0.44   164.78   0.50
M     89.50   163.19   0.40   163.77   0.58
