###  1237667443511656567 0.396 27.973 215.50679
# method  r_pixel  i1_cts i1_cts_err i2_cts i2_cts_err
I      3.00   820.63   4.88  1330.09  52.68
I      5.00   588.90   3.37   767.31  23.45
I      7.00   494.22   1.63   565.97  15.81
I      9.00   431.16   2.99   476.26  10.98
M     11.00   410.84   6.17   406.47  10.72
M     13.00   381.27   6.54   384.59  12.44
M     15.00   359.38   4.82   374.32  11.25
M     17.00   340.67   4.37   362.40   6.98
M     19.00   308.08   2.85   339.77   4.41
M     21.00   288.31   2.06   307.17   3.39
M     23.00   271.56   2.25   281.89   2.07
M     25.00   262.65   2.36   269.07   1.64
M     27.00   257.71   2.34   261.18   2.23
M     29.00   254.73   2.08   256.69   1.96
M     31.00   249.79   1.78   253.75   2.01
M     33.00   245.87   1.30   246.85   2.20
M     35.00   240.92   1.68   246.36   1.65
M     37.00   238.43   1.51   243.87   1.53
M     39.00   236.96   1.59   236.96   1.34
M     41.00   234.00   1.34   234.00   1.36
M     43.05   229.06   1.30   233.02   1.22
M     45.20   229.06   1.32   229.56   1.29
M     47.46   229.06   1.45   227.08   1.60
M     49.84   223.13   1.02   229.55   1.16
M     52.33   222.14   1.28   225.12   1.21
M     54.94   222.63   1.10   224.12   1.08
M     57.69   219.18   1.14   221.16   1.08
M     60.58   221.14   0.98   221.16   0.91
M     63.60   219.17   0.99   221.15   0.99
M     66.78   219.17   0.94   219.19   0.95
M     70.12   216.21   0.73   219.18   0.78
M     73.63   216.21   0.81   218.19   0.91
M     77.31   218.17   0.76   217.21   0.76
M     81.18   216.20   0.64   215.24   0.72
M     85.24   215.23   0.69   216.21   0.74
M     89.50   215.22   0.56   216.23   0.71
M     93.97   215.21   0.64   216.21   0.50
M     98.67   216.21   0.59   216.21   0.64
M    103.60   214.22   0.54   215.22   0.53
M    108.79   216.19   0.58   216.21   0.55
M    114.22   215.22   0.52   215.21   0.48
M    119.94   215.54   0.43   214.24   0.49
M    125.93   215.60   0.41   215.21   0.47
M    132.23   215.82   0.36   215.22   0.45
M    138.84   215.82   0.37   215.20   0.43
M    145.78   215.19   0.38   216.19   0.38
M    153.07   214.22   0.36   215.53   0.36
M    160.73   215.18   0.32   215.46   0.32
M    168.76   215.19   0.28   215.54   0.33
M    177.20   215.17   0.31   216.20   0.33
M    186.06   215.17   0.46   216.21   0.40
