###  1237667323797110918 0.396 27.931 168.859894
# method  r_pixel  i1_cts i1_cts_err i2_cts i2_cts_err
I      3.00   507.31   3.53  1006.51  15.15
I      5.00   381.47   1.53   529.84   3.60
I      7.00   334.44   1.08   380.26   5.11
I      9.00   306.75   1.86   326.95   6.11
M     11.00   255.10   3.03   284.52   5.74
M     13.00   224.04   2.34   250.95   7.34
M     15.00   199.08   2.76   222.04   4.39
M     17.00   185.07   1.93   202.06   3.20
M     19.00   181.58   1.88   186.05   1.92
M     21.00   180.58   2.01   181.06   1.64
M     23.00   174.08   1.31   174.07   1.92
M     25.00   172.08   1.45   170.07   1.44
M     27.00   171.09   1.11   172.06   1.98
M     29.00   169.09   1.40   167.07   1.54
M     31.00   169.09   1.26   168.07   1.35
M     33.00   172.09   1.59   166.07   1.61
M     35.00   173.09   1.80   170.07   1.02
M     37.00   169.08   1.63   167.07   1.22
M     39.00   167.08   1.61   168.07   1.39
M     41.00   169.09   1.03   170.56   1.16
M     43.05   169.09   0.85   170.56   1.20
M     45.20   167.09   1.17   169.12   1.36
M     47.46   169.09   1.26   168.81   0.85
M     49.84   169.09   1.04   168.71   1.00
M     52.33   168.10   1.27   168.68   0.92
M     54.94   168.08   1.04   168.68   0.96
M     57.69   169.09   0.82   168.06   0.93
