###  1237667323797307748 0.396 27.932 166.7912
# method  r_pixel  i1_cts i1_cts_err i2_cts i2_cts_err
I      3.00   432.67   5.94   401.00   6.47
I      5.00   365.56   3.55   345.33   2.81
I      7.00   307.13   2.58   316.20   2.18
I      9.00   300.77   3.30   297.38   2.89
M     11.00   288.19   4.57   271.19   3.96
M     13.00   260.29   3.45   249.76   4.02
M     15.00   247.22   2.51   245.69   3.35
M     17.00   232.72   2.66   231.23   3.30
M     19.00   228.22   2.52   225.78   2.39
M     21.00   215.25   2.33   210.27   1.83
M     23.00   210.23   2.28   203.28   1.68
M     25.00   198.25   1.45   202.28   2.71
M     27.00   192.22   1.33   187.78   1.31
M     29.00   186.26   1.26   178.28   2.17
M     31.00   181.25   1.60   179.30   1.58
M     33.00   178.24   1.37   176.29   1.40
M     35.00   175.25   1.48   174.30   1.58
M     37.00   174.25   1.05   172.80   1.40
M     39.00   174.24   1.44   172.30   1.39
M     41.00   171.24   1.69   172.31   0.91
M     43.05   171.25   1.12   173.30   1.12
M     45.20   171.24   1.15   170.81   1.00
M     47.46   168.24   1.05   168.31   1.39
M     49.84   168.74   0.97   168.32   1.05
M     52.33   168.23   0.93   168.32   0.94
M     54.94   168.23   0.89   168.32   0.74
M     57.69   167.23   1.00   167.32   0.93
M     60.58   168.23   0.99   166.32   0.80
M     63.60   168.72   0.77   169.32   0.84
M     66.78   165.23   0.80   169.33   0.79
M     70.12   166.22   0.70   167.33   0.70
M     73.63   167.22   0.67   167.33   0.62
M     77.31   166.22   0.63   166.34   0.57
M     81.18   167.26   0.50   167.33   0.56
M     85.24   167.23   0.34   166.34   0.63
M     89.50   167.05   0.32   167.35   0.54
M     93.97   167.01   0.26   167.34   0.57
M     98.67   167.03   0.46   167.34   0.59
M    103.60   166.20   0.51   167.34   0.47
M    108.79   167.19   0.49   166.36   0.49
M    114.22   166.20   0.47   166.37   0.43
M    119.94   166.19   0.41   167.37   0.44
M    125.93   167.18   0.46   167.38   0.39
