###  1237667322723827770 0.396 27.952 167.12378
# method  r_pixel  i1_cts i1_cts_err i2_cts i2_cts_err
I      3.00  1269.95   9.95  3261.97  22.65
I      5.00   798.17   9.90  1539.64  23.44
I      7.00   600.90   3.87   885.90  13.77
I      9.00   502.24   3.84   608.16   6.39
M     11.00   407.47   7.91   453.99  14.47
M     13.00   339.62   5.26   369.10   7.25
M     15.00   289.11   3.92   314.44   4.84
M     17.00   267.78   4.13   287.33   1.92
M     19.00   244.52   1.55   262.00   2.05
M     21.00   235.37   2.47   249.41   1.87
M     23.00   225.18   2.73   232.48   1.24
M     25.00   215.48   1.74   221.33   2.04
M     27.00   211.63   1.55   214.56   2.07
M     29.00   204.82   1.44   210.19   1.96
M     31.00   205.30   1.72   207.78   1.96
M     33.00   201.91   1.46   200.96   1.59
M     35.00   202.39   0.78   197.59   1.62
M     37.00   201.89   1.36   200.48   1.42
M     39.00   200.93   1.35   201.00   1.33
M     41.00   200.93   1.42   201.96   1.27
M     43.05   199.00   0.89   202.93   1.14
M     45.20   199.96   1.37   207.30   1.18
M     47.46   199.96   0.98   204.89   1.17
M     49.84   198.00   1.03   204.89   0.95
M     52.33   197.04   0.76   203.89   1.13
M     54.94   198.96   0.93   201.96   1.13
M     57.69   194.15   0.74   199.04   0.95
M     60.58   192.22   0.78   200.04   1.00
M     63.60   191.22   0.69   196.15   0.86
M     66.78   189.30   0.71   190.33   0.87
M     70.12   187.33   0.61   187.41   0.96
M     73.63   183.48   0.69   184.50   0.86
M     77.31   178.63   0.66   180.62   0.70
M     81.18   177.67   0.58   176.74   0.58
M     85.24   174.76   0.50   174.81   0.61
M     89.50   172.82   0.57   172.86   0.57
M     93.97   171.85   0.51   169.96   0.54
M     98.67   170.88   0.52   169.96   0.56
M    103.60   169.91   0.49   168.01   0.57
M    108.79   168.94   0.43   168.99   0.47
M    114.22   167.01   0.38   168.02   0.45
M    119.94   167.97   0.33   167.53   0.46
