###  1237667253482553389 0.396 28.065 163.55695
# method  r_pixel  i1_cts i1_cts_err i2_cts i2_cts_err
I      3.00   683.65  14.31  1900.34  64.46
I      5.00   426.32   5.61   840.21   6.52
I      7.00   307.89   4.85   464.51   9.17
I      9.00   275.80   1.96   338.42   4.12
M     11.00   253.23   2.31   287.88   4.82
M     13.00   239.35   1.62   255.52   2.80
M     15.00   226.62   1.75   239.26   2.82
M     17.00   217.34   3.08   229.49   2.05
M     19.00   207.52   1.63   212.74   1.46
M     21.00   200.01   2.22   209.21   1.97
M     23.00   197.71   1.89   200.01   2.12
M     25.00   190.17   1.85   196.52   1.43
M     27.00   187.28   1.46   189.58   1.96
M     29.00   184.98   1.51   188.43   1.70
M     31.00   181.49   1.54   183.81   1.16
M     33.00   179.17   1.72   183.21   1.21
M     35.00   176.85   1.44   180.91   1.33
M     37.00   174.55   1.19   176.87   1.40
M     39.00   175.71   1.35   175.72   1.74
M     41.00   174.55   1.35   174.55   1.44
M     43.05   169.92   1.06   172.24   1.16
M     45.20   169.92   1.32   171.08   0.92
M     47.46   168.76   0.97   168.77   0.87
M     49.84   166.44   1.35   167.61   0.81
M     52.33   166.44   0.96   166.46   1.34
M     54.94   166.44   0.92   166.46   0.81
M     57.69   166.44   0.95   165.31   0.95
M     60.58   165.28   0.91   166.47   0.68
M     63.60   165.29   0.79   166.46   0.86
M     66.78   165.28   0.76   164.16   0.68
M     70.12   165.28   0.72   164.16   0.91
M     73.63   162.97   0.73   164.16   0.62
M     77.31   164.12   0.66   164.17   0.71
M     81.18   164.12   0.56   163.01   0.67
M     85.24   164.12   0.59   164.17   0.64
M     89.50   162.97   0.55   164.17   0.56
M     93.97   163.61   0.54   163.02   0.53
M     98.67   163.50   0.37   164.18   0.46
M    103.60   163.53   0.31   163.03   0.53
M    108.79   163.58   0.29   163.02   0.51
M    114.22   163.61   0.40   163.03   0.43
M    119.94   162.96   0.42   163.04   0.42
M    125.93   162.95   0.40   163.54   0.32
M    132.23   162.95   0.38   163.43   0.28
M    138.84   162.96   0.36   163.46   0.30
M    145.78   162.95   0.35   163.55   0.37
M    153.07   162.93   0.37   164.19   0.33
