###  1237667322723631315 0.396 27.952 173.64038
# method  r_pixel  i1_cts i1_cts_err i2_cts i2_cts_err
I      3.00   218.93   2.09   249.50   1.82
I      5.00   204.91   4.64   221.70   1.78
I      7.00   193.96   1.80   204.54   2.14
I      9.00   192.10   2.05   191.28   2.83
M     11.00   186.77   1.93   186.26   1.10
M     13.00   181.45   1.88   184.32   1.78
M     15.00   179.51   1.62   181.41   1.88
M     17.00   179.51   0.86   183.35   1.14
M     19.00   179.51   1.09   181.41   1.06
M     21.00   178.07   1.43   178.94   0.89
M     23.00   179.51   1.34   178.29   0.04
M     25.00   177.59   1.05   178.53   0.04
M     27.00   176.61   1.17   177.70   0.08
M     29.00   177.11   1.00   176.48   0.08
M     31.00   173.25   1.15   175.83   0.03
M     33.00   174.69   1.56   175.62   0.01
M     35.00   174.71   1.00   175.85   0.01
M     37.00   174.21   1.48   175.56   0.04
M     39.00   174.71   1.24   174.99   0.03
M     41.00   175.68   1.05   174.80   0.01
M     43.05   174.22   0.96   174.71   0.01
M     45.20   174.71   0.92   174.47   0.02
M     47.46   172.79   0.89   174.29   0.06
M     49.84   174.69   0.91   174.27   0.18
M     52.33   172.80   0.89   174.21   0.22
M     54.94   174.71   0.76   174.08   0.64
M     57.69   173.74   0.65   173.65   0.65
M     60.58   173.74   0.82   172.68   0.64
M     63.60   172.81   0.78   174.03   0.72
M     66.78   173.76   0.68   173.98   0.57
M     70.12   173.78   0.60   173.89   0.33
M     73.63   172.82   0.47   173.78   0.26
M     77.31   175.68   0.59   173.77   0.14
M     81.18   174.74   0.52   173.85   0.19
M     85.24   172.79   0.53   173.78   0.17
M     89.50   173.48   0.43   173.58   0.13
M     93.97   173.46   0.40   173.48   0.36
M     98.67   173.46   0.27   173.45   0.27
M    103.60   173.75   0.26   173.59   0.37
M    108.79   173.89   0.31   173.58   0.39
M    114.22   173.83   0.37   173.54   0.40
M    119.94   172.90   0.38   173.62   0.41
M    125.93   173.83   0.36   174.48   0.33
M    132.23   172.87   0.32   173.77   0.29
M    138.84   173.83   0.36   173.79   0.22
M    145.78   172.94   0.31   173.80   0.26
M    153.07   173.92   0.30   173.61   0.27
M    160.73   173.83   0.29   173.73   0.24
