###  1237667323260764326 0.396 27.989 169.11026
# method  r_pixel  i1_cts i1_cts_err i2_cts i2_cts_err
I      3.00   576.77  11.42   861.50  21.59
I      5.00   414.45   4.43   506.53   6.36
I      7.00   348.90   5.32   413.72   3.23
I      9.00   316.09   3.47   355.59   1.54
M     11.00   299.15   4.31   319.92   4.11
M     13.00   282.83   4.11   309.50   5.56
M     15.00   282.37   7.44   307.04   7.60
M     17.00   276.01   7.75   290.26   8.83
M     19.00   258.23   5.55   281.83   6.24
M     21.00   245.36   5.01   259.15   4.59
M     23.00   226.08   3.79   237.46   2.46
M     25.00   216.69   1.69   224.13   1.14
M     27.00   208.80   1.73   214.78   1.62
M     29.00   198.00   1.32   205.85   1.19
M     31.00   197.00   1.67   200.91   1.45
M     33.00   192.06   1.59   194.01   1.59
M     35.00   188.11   1.45   192.52   1.34
M     37.00   186.14   1.22   188.11   0.82
M     39.00   184.16   1.08   184.15   1.19
M     41.00   180.21   1.51   182.17   1.49
M     43.05   179.22   1.22   181.19   0.75
M     45.20   178.23   1.14   178.23   1.06
M     47.46   176.26   0.98   178.23   0.99
M     49.84   175.27   1.20   175.09   0.88
M     52.33   175.28   0.84   174.33   0.62
M     54.94   173.30   0.79   172.61   0.78
M     57.69   173.31   0.84   171.96   0.84
M     60.58   171.33   0.85   171.32   0.71
M     63.60   170.34   0.62   171.30   0.94
M     66.78   172.32   0.77   170.33   0.66
M     70.12   169.35   0.69   171.30   0.57
M     73.63   170.36   0.48   171.32   0.74
M     77.31   170.40   0.46   170.49   0.52
M     81.18   169.94   0.54   170.05   0.34
M     85.24   169.68   0.42   169.69   0.42
M     89.50   169.58   0.48   169.58   0.40
M     93.97   169.50   0.51   169.50   0.42
M     98.67   170.36   0.57   169.33   0.57
M    103.60   170.33   0.50   169.32   0.50
M    108.79   169.37   0.47   168.35   0.44
M    114.22   169.37   0.42   169.32   0.49
M    119.94   170.32   0.40   169.32   0.43
M    125.93   169.34   0.38   169.33   0.38
M    132.23   168.37   0.36   169.30   0.37
M    138.84   169.35   0.34   169.32   0.37
M    145.78   168.40   0.33   169.31   0.36
M    153.07   169.02   0.32   168.33   0.31
