###  1237665440978501687 0.396 27.973 179.7355
# method  r_pixel  i1_cts i1_cts_err i2_cts i2_cts_err
I      3.00   438.84   6.75   605.23  23.67
I      5.00   302.14   2.54   364.32   5.33
I      7.00   260.72   3.60   289.33   3.20
M      9.00   244.84   2.77   253.03   3.48
M     11.00   228.54   2.42   230.91   3.80
M     13.00   218.08   2.54   225.06   1.83
M     15.00   211.10   2.26   215.78   2.19
M     17.00   202.37   1.82   208.22   2.55
M     19.00   202.37   2.34   202.99   1.84
M     21.00   200.05   1.56   202.99   1.67
M     23.00   191.33   1.75   194.86   1.37
M     25.00   193.67   1.75   191.37   2.15
M     27.00   190.18   2.39   190.20   2.07
M     29.00   186.10   1.73   187.29   1.80
M     31.00   187.85   1.31   185.54   1.42
M     33.00   184.36   1.70   189.05   1.60
M     35.00   185.52   1.80   186.72   1.22
M     37.00   184.93   0.95   184.38   1.44
M     39.00   182.04   1.59   183.23   1.73
M     41.00   182.72   0.66   180.89   1.24
M     43.05   182.07   0.24   183.22   1.15
M     45.20   181.72   0.04   182.07   0.98
M     47.46   181.34   0.05   179.75   1.15
M     49.84   181.02   0.12   179.15   1.08
M     52.33   181.04   0.00   182.06   1.03
M     54.94   181.07   0.01   178.59   0.82
M     57.69   180.80   0.24   180.92   0.99
M     60.58   180.53   0.75   180.90   1.00
M     63.60   179.12   0.80   179.75   0.86
M     66.78   180.86   0.77   180.90   0.81
M     70.12   179.68   0.77   180.89   0.72
M     73.63   180.86   0.76   179.73   0.74
M     77.31   180.84   0.71   178.60   0.67
M     81.18   178.54   0.73   179.77   0.68
M     85.24   179.69   0.65   178.60   0.69
M     89.50   179.68   0.56   179.67   0.57
M     93.97   180.87   0.54   179.72   0.49
M     98.67   179.69   0.56   179.77   0.51
M    103.60   179.80   0.44   179.78   0.49
M    108.79   179.82   0.51   179.73   0.46
M    114.22   179.83   0.40   179.73   0.48
M    119.94   179.82   0.38   178.64   0.46
M    125.93   179.69   0.40   179.79   0.44
M    132.23   178.51   0.67   179.79   0.52
