###  1237667444048658523 0.396 27.91 209.17696
# method  r_pixel  i1_cts i1_cts_err i2_cts i2_cts_err
I      3.00   915.01   4.83  3252.75  90.19
I      5.00   689.17   2.37  1317.92  10.06
I      7.00   555.27   3.62   821.36   3.66
I      9.00   479.92   1.99   622.08   2.87
M     11.00   418.14   5.83   497.90   7.58
M     13.00   381.34   2.30   444.11   4.75
M     15.00   348.57   3.32   404.54   4.70
M     17.00   327.26   2.51   369.25   3.14
M     19.00   304.22   3.19   343.58   3.65
M     21.00   292.41   2.29   317.24   2.44
M     23.00   276.75   1.73   298.38   2.24
M     25.00   268.03   1.30   284.67   2.56
M     27.00   257.82   1.42   271.09   1.65
M     29.00   247.26   1.36   261.20   1.79
M     31.00   243.46   1.60   248.77   1.55
M     33.00   237.87   1.14   244.33   1.75
M     35.00   234.62   1.08   239.93   1.93
M     37.00   231.36   0.94   234.47   1.11
M     39.00   226.13   0.90   229.64   1.27
M     41.00   225.65   0.83   228.23   1.24
M     43.05   223.68   0.92   222.85   0.95
M     45.20   222.11   0.95   223.39   1.27
M     47.46   219.47   0.96   220.81   0.94
M     49.84   220.00   0.83   218.63   1.10
M     52.33   219.12   0.92   215.34   1.00
M     54.94   216.99   0.79   214.56   0.97
M     57.69   213.88   0.66   215.21   0.95
M     60.58   214.91   0.60   212.50   0.79
M     63.60   212.56   0.63   213.12   0.73
M     66.78   211.92   0.59   212.69   0.82
M     70.12   211.32   0.50   211.58   0.72
M     73.63   210.65   0.57   210.85   0.58
M     77.31   210.42   0.47   210.02   0.58
M     81.18   209.44   0.46   210.17   0.52
M     85.24   209.80   0.46   210.04   0.59
M     89.50   209.21   0.46   210.11   0.60
M     93.97   209.08   0.46   209.46   0.58
M     98.67   208.46   0.37   208.69   0.48
M    103.60   208.07   0.39   209.73   0.45
M    108.79   208.34   0.31   209.07   0.45
M    114.22   208.00   0.30   209.47   0.41
M    119.94   208.05   0.33   209.24   0.42
M    125.93   207.29   0.29   209.21   0.37
M    132.23   207.64   0.31   209.15   0.35
