###  1237667324334833744 0.396 27.978 163.64241
# method  r_pixel  i1_cts i1_cts_err i2_cts i2_cts_err
I      3.00   541.66   6.80   668.67  17.11
I      5.00   409.81   6.20   456.66   8.55
I      7.00   353.31   5.34   364.30   3.75
I      9.00   292.93   2.48   320.64   2.22
M     11.00   276.34   4.15   291.51   4.55
M     13.00   265.50   3.62   273.84   2.09
M     15.00   247.77   2.53   256.10   2.22
M     17.00   243.67   1.38   243.67   1.68
M     19.00   239.46   2.18   234.27   4.18
M     21.00   232.23   1.85   226.46   4.88
M     23.00   231.16   2.27   220.74   3.07
M     25.00   232.23   4.23   217.59   3.82
M     27.00   229.08   3.33   217.59   3.82
M     29.00   215.55   3.16   219.64   2.89
M     31.00   213.50   2.27   210.85   3.47
M     33.00   207.78   2.31   209.26   3.25
M     35.00   204.63   1.27   200.96   2.27
M     37.00   204.10   1.63   200.44   2.17
M     39.00   195.80   1.27   197.32   1.96
M     41.00   197.89   1.07   193.17   1.59
M     43.05   187.46   1.25   189.00   1.11
M     45.20   185.38   1.11   185.34   1.19
M     47.46   184.35   1.31   184.32   0.97
M     49.84   183.33   1.07   183.25   0.93
M     52.33   180.18   0.95   180.15   1.10
M     54.94   175.01   0.90   177.02   0.68
M     57.69   174.99   0.87   173.91   0.78
M     60.58   171.87   0.89   173.89   0.83
M     63.60   168.77   1.03   168.70   0.78
M     66.78   167.72   0.75   168.72   0.74
M     70.12   168.24   0.71   167.67   0.77
M     73.63   167.72   0.62   165.59   0.79
M     77.31   166.68   0.64   166.61   0.59
M     81.18   165.65   0.56   164.54   0.66
M     85.24   164.61   0.58   164.54   0.54
M     89.50   164.62   0.55   164.53   0.51
M     93.97   165.64   0.53   163.50   0.53
M     98.67   163.58   0.50   164.52   0.50
M    103.60   163.58   0.48   164.53   0.52
M    108.79   163.58   0.42   164.52   0.45
M    114.22   163.59   0.44   164.53   0.44
M    119.94   162.55   0.38   163.50   0.38
M    125.93   163.58   0.36   163.47   0.40
M    132.23   163.56   0.37   164.51   0.37
M    138.84   162.57   0.36   163.46   0.33
M    145.78   163.60   0.34   163.47   0.34
M    153.07   164.61   0.33   163.46   0.32
M    160.73   163.60   0.31   163.48   0.33
M    168.76   163.61   0.32   163.46   0.29
M    177.20   163.58   0.28   163.45   0.28
M    186.06   163.59   0.27   163.46   0.27
M    195.36   163.60   0.25   163.48   0.25
M    205.13   163.63   0.24   163.46   0.24
