###  1237667323797700661 0.396 27.932 161.8676
# method  r_pixel  i1_cts i1_cts_err i2_cts i2_cts_err
I      3.00   222.82   1.44   295.16   2.46
I      5.00   209.87   0.87   243.36   1.35
I      7.00   186.32   3.53   222.85   1.09
I      9.00   190.56   3.22   196.91   0.41
M     11.00   181.27   1.13   191.26   2.08
M     13.00   177.26   1.34   181.27   1.84
M     15.00   170.25   2.27   179.28   1.78
M     17.00   167.75   1.54   178.78   1.48
M     19.00   165.25   1.04   174.28   2.02
M     21.00   167.24   1.78   172.28   1.44
M     23.00   166.24   1.51   167.28   1.54
M     25.00   162.24   1.26   164.78   1.85
M     27.00   163.23   1.75   165.28   1.21
M     29.00   164.24   1.42   166.29   1.75
M     31.00   165.73   1.18   162.29   1.45
M     33.00   162.23   1.59   166.79   1.26
M     35.00   164.23   1.32   164.29   1.06
M     37.00   162.23   1.26   162.79   1.22
M     39.00   163.23   1.49   161.30   0.97
M     41.00   160.22   1.05   160.80   1.14
M     43.05   163.22   1.10   162.30   0.84
M     45.20   162.22   1.05   160.30   1.13
M     47.46   164.21   1.18   160.30   1.19
M     49.84   163.21   0.86   162.30   0.92
M     52.33   162.21   0.91   164.31   0.84
M     54.94   162.21   0.85   163.31   0.78
M     57.69   163.21   0.96   163.31   0.75
M     60.58   163.21   0.84   162.31   0.79
M     63.60   162.21   0.77   162.32   0.82
M     66.78   161.27   0.69   160.32   0.93
M     70.12   163.20   0.76   162.31   0.78
M     73.63   163.20   0.64   162.32   0.81
M     77.31   162.27   0.72   162.33   0.61
M     81.18   163.19   0.73   161.33   0.68
M     85.24   162.18   0.61   161.34   0.51
M     89.50   164.18   0.56   161.34   0.53
M     93.97   162.18   0.54   162.34   0.59
M     98.67   162.18   0.52   160.35   0.52
M    103.60   162.81   0.46   161.36   0.50
M    108.79   162.16   0.44   161.36   0.44
M    114.22   162.16   0.48   161.35   0.41
