###  1237667442974785781 0.396 27.935 212.57217
# method  r_pixel  i1_cts i1_cts_err i2_cts i2_cts_err
I      3.00   310.04   1.74   380.83   1.11
I      5.00   299.54   3.16   329.49   2.43
I      7.00   279.46   1.84   296.54   1.08
I      9.00   275.07   1.43   281.08   2.01
I     11.00   264.93   1.72   270.71   2.09
M     13.00   260.70   3.08   263.11   3.10
M     15.00   248.56   2.51   256.33   4.72
M     17.00   242.77   1.73   253.88   1.21
M     19.00   234.06   2.18   244.70   1.53
M     21.00   229.23   1.14   240.36   1.90
M     23.00   225.35   2.37   234.06   1.65
M     25.00   224.38   0.89   228.26   1.58
M     27.00   222.45   1.72   226.33   1.29
M     29.00   221.49   1.29   223.43   1.38
M     31.00   219.55   1.42   220.53   1.81
M     33.00   219.55   1.59   220.53   1.33
M     35.00   218.57   1.56   219.07   1.22
M     37.00   217.61   1.22   216.66   1.10
M     39.00   216.63   1.20   217.82   0.92
M     41.00   214.71   1.01   216.86   0.38
M     43.05   216.64   1.18   216.47   0.63
M     45.20   216.63   1.06   216.00   1.27
M     47.46   214.71   1.05   215.27   0.89
M     49.84   213.74   0.94   214.72   0.89
M     52.33   212.77   1.05   214.87   0.30
M     54.94   214.22   1.00   214.55   0.05
M     57.69   212.78   0.99   213.94   0.04
M     60.58   213.75   0.90   213.82   0.02
M     63.60   213.72   0.81   214.08   0.01
M     66.78   211.81   0.83   213.54   0.04
M     70.12   214.69   0.79   212.81   0.02
M     73.63   212.78   0.75   212.87   0.01
M     77.31   211.80   0.66   213.08   0.00
M     81.18   212.76   0.68   213.03   0.25
M     85.24   213.73   0.56   212.95   0.55
M     89.50   212.75   0.57   212.78   0.70
M     93.97   212.77   0.59   211.85   0.55
M     98.67   212.75   0.48   211.82   0.57
M    103.60   211.81   0.57   211.85   0.49
M    108.79   211.81   0.51   211.85   0.51
M    114.22   213.69   0.45   211.80   0.45
M    119.94   212.64   0.36   213.29   0.46
M    125.93   212.66   0.28   212.65   0.37
M    132.23   212.68   0.33   212.66   0.30
