###  1237667253482618902 0.396 28.065 163.42899
# method  r_pixel  i1_cts i1_cts_err i2_cts i2_cts_err
I      3.00   815.46   8.06  2635.91  90.95
I      5.00   499.06  10.60  1055.35  27.10
I      7.00   428.61   4.23   593.73   7.76
I      9.00   395.46   1.38   463.85   6.40
M     11.00   381.01   4.01   424.70   4.06
I     13.00   361.55   3.21   402.69   2.76
M     15.00   323.93   5.44   375.10   5.62
M     17.00   302.66   2.65   328.53   5.66
M     19.00   288.70   4.28   296.17   5.05
M     21.00   265.71   3.33   274.90   3.94
M     23.00   252.89   3.03   273.75   4.33
M     25.00   240.25   2.47   271.29   4.05
M     27.00   236.22   2.84   264.54   5.61
M     29.00   221.77   2.19   248.93   3.70
M     31.00   213.72   2.77   244.07   1.82
M     33.00   210.19   1.87   235.30   2.43
M     35.00   204.44   2.53   227.52   2.12
M     37.00   195.20   1.63   223.82   1.85
M     39.00   189.41   1.12   216.99   1.40
M     41.00   185.96   1.16   212.31   1.20
M     43.05   185.39   1.10   207.34   1.01
M     45.20   183.64   1.22   200.69   0.82
M     47.46   177.87   1.06   195.58   0.85
M     49.84   176.70   1.12   190.67   0.68
M     52.33   176.70   1.18   186.25   0.60
M     54.94   174.33   0.74   182.37   0.48
M     57.69   173.24   0.24   180.06   0.38
M     60.58   172.07   0.28   177.40   0.32
M     63.60   171.12   0.25   175.35   0.27
M     66.78   169.73   0.19   173.26   0.29
M     70.12   169.48   0.13   171.28   0.67
M     73.63   169.01   0.08   169.95   0.76
M     77.31   168.59   0.09   166.34   0.77
M     81.18   168.54   0.68   167.49   0.68
M     85.24   167.46   0.60   166.34   0.66
M     89.50   166.30   0.62   168.04   0.57
M     93.97   165.15   0.59   167.69   0.29
M     98.67   165.15   0.51   167.06   0.15
M    103.60   165.14   0.54   166.71   0.06
M    108.79   165.72   0.51   166.22   0.18
M    114.22   165.14   0.44   165.81   0.16
M    119.94   165.14   0.39   165.45   0.42
M    125.93   165.14   0.40   165.18   0.52
M    132.23   165.14   0.39   164.21   0.45
M    138.84   162.83   0.40   164.16   0.37
M    145.78   163.99   0.35   164.09   0.32
M    153.07   163.99   0.33   164.13   0.33
M    160.73   163.98   0.32   164.16   0.23
M    168.76   163.98   0.28   164.01   0.14
M    177.20   163.79   0.18   163.79   0.21
